add_way 0x1e3e2ac (395,531) (397,532) (406,534) (407,533) (420,531) (426,529) (441,525) (448,523) (467,510) (469,509)
add_way 0x1e3e2ad (612,685) (612,694)
add_way 0x1e3e2ae (469,509) (472,509) (475,512) (479,516)
add_way 0x20d48f6 (673,559) (679,562) (696,571) (699,574) (699,579) (698,583) (696,588) (695,590)
add_way 0x20d48f7 (631,647) (630,648) (629,651)
add_way 0x2567f5d (815,982) (811,982) (810,982) (808,982) (806,982) (804,981) (802,981) (800,981) (796,981) (794,980) (793,980) (792,977) (790,976) (787,974) (785,974) (785,973) (784,973)
add_way 0x256a858 (663,946) (665,946) (668,944) (675,942) (680,940)
add_way 0x38a9560 (680,940) (685,942) (698,940) (707,944) (722,944) (728,951) (740,954) (744,962) (751,966) (757,962) (766,959) (768,961) (780,960) (787,961)
add_way 0x38a9589 (658,953) (657,951) (656,951) (654,952) (652,952) (651,952)
add_way 0x38a9596 (658,948) (655,949) (651,952)
add_way 0x38a9b60 (651,952) (650,952) (648,951) (647,950) (647,948)
add_way 0x38b1f59 (680,940) (686,938) (689,937) (690,936) (691,936) (692,936) (698,933) (709,929) (718,926) (723,924) (726,923) (727,923) (730,922) (734,920) (740,918) (749,915)
add_way 0x3dd0c15 (753,110) (757,98) (769,82) (775,72) (777,57) (773,45)
add_way 0x4117a2f (1257,1148) (1257,1144) (1258,1137) (1257,1131)
add_way 0x4117a62 (1321,1145) (1326,1143) (1331,1140)
add_way 0x4117a64 (1452,746) (1449,746) (1446,746) (1445,746) (1444,746) (1443,746) (1442,746)
add_way 0x4117a65 (1323,1140) (1319,1142) (1309,1148)
add_way 0x4117aa6 (1342,1148) (1345,1141) (1356,1129) (1364,1123) (1370,1122) (1376,1114) (1380,1113) (1393,1104) (1396,1100) (1400,1100)
add_way 0x4117aac (1393,632) (1397,625) (1395,620)
add_way 0x4117ab4 (1392,1024) (1391,1020) (1386,1020) (1382,1023)
add_way 0x4117ac7 (1347,582) (1343,590) (1338,599)
add_way 0x4396e42 (317,284) (299,283) (286,289) (274,295) (266,304) (233,330) (227,339)
add_way 0x4396e4a (544,588) (539,591) (535,594) (533,595)
add_way 0x4d428de (615,670) (615,669) (612,669) (609,668) (608,667) (608,665) (606,665)
add_way 0x4d42f3e (631,647) (627,647) (626,648) (624,649) (623,648) (622,648) (621,648) (620,648) (619,649) (618,649)
add_way 0x4d43b57 (760,694) (755,689)
add_way 0x7e95f1a (475,96) (496,102) (497,107) (505,111) (520,111) (547,104) (555,94)
add_way 0x0 (555,94) (557,91) (556,90) (555,91) (555,94)
add_way 0x7e95f1b (653,95) (657,97) (670,96) (675,96) (679,98) (683,102) (679,124) (668,139) (662,152) (658,158)
add_way 0x1 (658,158) (657,162) (655,163) (655,160) (658,158)
add_way 0x7e95f1e (583,296) (584,297) (584,311) (582,314) (579,316) (574,318) (572,320) (561,337) (556,350) (554,354) (548,362)
add_way 0x2 (548,362) (547,364) (545,364) (545,362) (548,362)
add_way 0x7e95f20 (457,0) (456,1) (453,14) (454,18) (463,28) (466,37) (466,40) (465,46) (465,48)
add_way 0x3 (465,48) (467,48) (467,50) (466,51) (465,50) (465,48)
add_way 0x7e95f21 (637,120) (636,122)
add_way 0x7e95f22 (580,295) (583,296)
add_way 0x7e95f24 (317,284) (328,317) (312,351)
add_way 0x7e95f26 (390,365) (389,318) (403,292) (426,276) (425,232) (402,220) (372,189) (330,172) (313,151) (285,145) (196,185) (165,207) (114,250) (0,383)
add_way 0x7e95f29 (618,121) (617,119) (611,111) (598,99)
add_way 0x7e95f2a (579,283) (576,289) (575,293) (580,295)
add_way 0x7e95f2e (617,9) (619,7) (619,5) (618,5) (616,5)
add_way 0x7e95f30 (634,125) (629,131) (619,136)
add_way 0x4 (579,283) (588,273) (598,237) (598,234) (593,231) (588,231) (584,231) (581,229) (579,223) (573,219) (573,216) (575,211) (578,207) (586,202) (590,198) (593,193) (595,183) (616,139) (619,136)
add_way 0x7e95f32 (638,119) (637,120)
add_way 0x7e95f33 (390,365) (396,362) (404,357) (416,352) (422,347) (426,347) (434,343)
add_way 0x7eead24 (1101,0) (1100,0) (1099,3) (1091,5) (1077,12) (1073,15)
add_way 0x7f075a9 (479,518) (482,521) (484,522)
add_way 0x7f075ad (1073,15) (1061,7) (1057,0)
add_way 0x7f075b1 (778,126) (769,122) (767,114) (762,113) (759,110) (753,110)
add_way 0x7f075b5 (1254,7) (1252,10)
add_way 0x7f075b6 (1135,0) (1137,3) (1136,15) (1128,30) (1127,38) (1123,49) (1119,57) (1123,63) (1129,68) (1132,75) (1133,82)
add_way 0x7f075b7 (816,99) (823,92) (831,82) (849,66) (866,53) (877,39) (872,26) (864,27)
add_way 0x5 (864,27) (862,29) (861,29) (861,27) (863,26) (864,27)
add_way 0x7f075ba (842,205) (845,206)
add_way 0x7f075be (1316,31) (1318,26) (1326,9) (1325,0)
add_way 0x7f075c1 (888,302) (876,304) (872,303) (865,296) (840,285) (813,264) (775,259)
add_way 0x7f075c2 (830,162) (832,159)
add_way 0x7f075c4 (956,0) (940,12) (936,17) (927,20) (924,25) (917,31) (913,40) (889,64) (886,70) (870,77) (856,87) (854,92) (844,99) (822,117) (801,123) (787,128) (778,126)
add_way 0x7f075c6 (964,32) (987,15) (991,3) (994,0)
add_way 0x7f075c8 (830,162) (832,170) (830,182) (833,189)
add_way 0x7f075c9 (845,206) (854,202)
add_way 0x7f075ca (816,99) (815,93) (806,84) (800,83)
add_way 0x7f075cc (713,94) (749,54) (766,48) (773,45)
add_way 0x7f075cf (960,131) (950,132) (944,129) (937,129) (914,140) (904,148)
add_way 0x7f075d0 (1320,57) (1306,66) (1298,73) (1288,87) (1273,98) (1264,102)
add_way 0x7f075d2 (833,189) (848,183) (852,179)
add_way 0x7f075d3 (905,216) (900,216) (883,224) (878,220) (872,224) (861,229) (859,229)
add_way 0x7f075d5 (960,131) (952,149) (939,167) (928,177)
add_way 0x7f075d7 (964,32) (964,27) (965,22) (965,20) (960,14) (959,11) (960,4) (962,0)
add_way 0x7f1c14a (670,326) (673,326) (693,334)
add_way 0x7f1c14d (708,242) (696,251) (692,256) (675,286) (667,298)
add_way 0x6 (667,298) (667,300) (666,302) (665,302) (664,301) (665,300) (667,298)
add_way 0x7f1c150 (956,246) (963,247) (966,254) (979,259) (979,262) (977,266) (961,286) (961,292) (954,305) (947,316) (947,320) (948,326)
add_way 0x7f1c152 (729,382) (726,388) (725,391) (725,392) (725,394) (726,406) (726,411) (726,416) (725,419) (724,421) (722,423) (717,428) (715,432) (709,443) (708,447) (707,451) (706,458) (705,460)
add_way 0x7f1c154 (721,184) (718,187) (712,188) (704,193) (686,202) (679,209) (675,216) (674,221) (672,225) (664,234) (647,246) (643,252) (633,273) (626,283) (618,290) (613,294)
add_way 0x7f1c157 (710,251) (715,256) (722,261)
add_way 0x7f1c15a (179,554) (184,562) (185,567) (183,574) (164,602) (162,607) (158,623) (161,627) (171,634) (180,659) (199,668)
add_way 0x7f1c15b (1342,64) (1350,58) (1354,53)
add_way 0x7f1c15d (888,302) (893,303) (895,313) (899,315)
add_way 0x7f1c162 (1312,114) (1317,114) (1320,116) (1325,125) (1334,131) (1347,143) (1366,143) (1373,154)
add_way 0x7f1c165 (748,363) (754,364) (823,353) (830,358) (844,366) (862,362)
add_way 0x7f1c168 (722,261) (723,263) (723,267) (724,274) (718,288) (712,293) (705,303) (694,314) (694,325) (693,334)
add_way 0x7f1c169 (710,251) (706,251) (703,251) (696,251) (682,241)
add_way 0x7 (682,241) (679,239) (677,241) (679,243) (680,243) (682,241)
add_way 0x7f253b0 (822,216) (813,213) (796,217) (783,213)
add_way 0x7f253b1 (692,58) (690,52) (686,44) (686,42) (687,38) (690,29) (690,27) (689,24) (686,18) (686,16) (685,13) (685,10) (685,5) (684,3) (684,0) (685,0)
add_way 0x7f253bc (753,110) (739,109) (716,106)
add_way 0x7f253bd (773,45) (780,42) (782,39)
add_way 0x7f253c3 (639,120) (640,120) (641,119) (646,115) (652,111) (662,106) (670,96) (681,85) (688,89) (705,78)
add_way 0x7f365d4 (1413,893) (1427,908) (1432,910) (1438,909) (1440,909) (1447,908) (1472,910) (1484,912) (1494,911) (1503,910) (1511,906) (1512,906) (1513,906) (1513,906) (1514,906) (1515,906)
add_way 0x7f44b65 (160,1110) (163,1109)
add_way 0x7f44b6a (110,1076) (94,1075) (88,1076) (77,1073) (75,1070) (78,1056) (67,1057) (64,1049)
add_way 0xc (64,1049) (62,1047) (61,1046) (59,1048) (60,1049) (64,1049)
add_way 0x7f44b6b (158,1112) (160,1110)
add_way 0x7f44b6e (48,1148) (51,1145) (59,1142) (79,1148)
add_way 0x7f4ee7d (267,829) (264,830) (254,837) (250,840) (244,844) (242,844) (239,845) (234,844) (229,844) (224,845) (215,846) (201,851) (199,852) (197,854) (186,868)
add_way 0x7f4ee85 (274,1148) (276,1146) (278,1138) (277,1124)
add_way 0x7f4ee89 (276,1062) (272,1067) (265,1077) (259,1086) (252,1097)
add_way 0x7f4ee8a (272,933) (255,927) (250,928) (238,932) (228,929) (222,932) (205,946) (193,948) (188,944) (182,953) (171,965) (145,983)
add_way 0x7f4ee8f (161,1148) (165,1147) (176,1148)
add_way 0xd (179,1148) (180,1148) (183,1147) (187,1144) (189,1142) (193,1135) (196,1128) (198,1121) (200,1118) (209,1112) (213,1108) (218,1100) (220,1099) (223,1097) (227,1096) (248,1098) (252,1097)
add_way 0x7f4ee95 (322,994) (317,996) (312,996) (305,999)
add_way 0x7f4ee98 (324,1002) (316,1011) (311,1013) (306,1010) (300,1011) (298,1013)
add_way 0x7f4ee9a (272,933) (233,983) (227,988) (225,993) (226,1005) (224,1011) (210,1024)
add_way 0x7f570c1 (1291,1121) (1302,1116) (1308,1113) (1312,1111) (1336,1097) (1342,1097)
add_way 0x7f570c9 (761,1068) (762,1056) (759,1045) (750,1040) (750,1039) (753,1037) (757,1033) (764,1029) (768,1027) (770,1025) (775,1021)
add_way 0x7f570cb (418,967) (423,960) (424,956) (427,952) (431,946) (432,945) (431,943) (430,939) (435,927) (437,922) (439,913) (442,907) (442,904) (432,882) (430,863)
add_way 0x7f570cd (178,691) (171,699) (168,704) (166,717) (164,725) (155,745) (131,786) (97,829) (76,855) (46,880) (31,882) (10,894) (0,904)
add_way 0x7f570ce (775,1021) (773,1022) (771,1021) (767,1017) (755,1016) (744,1016) (733,1021) (726,1024)
add_way 0x812a56d (1053,1072) (1130,1023) (1163,990) (1180,970) (1204,940) (1215,930) (1223,924) (1227,916) (1231,906) (1234,904) (1238,903) (1248,899) (1255,894) (1260,891) (1261,890)
add_way 0x812a570 (1266,1007) (1263,1005) (1246,997) (1245,986) (1242,980) (1244,965) (1243,950) (1246,939) (1248,933) (1246,927) (1250,919) (1248,910) (1261,891) (1261,890)
add_way 0x812a578 (778,1123) (767,1137) (756,1147) (753,1148)
add_way 0x812a57c (521,1148) (521,1147) (525,1140) (533,1132) (535,1126) (542,1120) (543,1113) (541,1111) (539,1111) (530,1119)
add_way 0x812a58c (557,1148) (557,1143) (579,1123) (596,1110) (617,1104) (629,1089) (640,1081) (645,1092) (658,1100) (659,1105) (671,1102)
add_way 0xe (671,1102) (672,1100) (674,1100) (674,1101) (673,1102) (671,1102)
add_way 0x98f4c41 (298,565) (308,576) (316,581)
add_way 0x98f4c42 (229,724) (223,726) (218,725) (188,697) (178,691)
add_way 0x98f4c44 (402,688) (402,691) (398,697) (395,705)
add_way 0x98f4c47 (272,702) (276,697) (277,694) (271,683) (270,678)
add_way 0x98f4c48 (327,687) (329,683) (326,671) (327,669)
add_way 0xf (327,669) (329,665) (327,665) (325,667) (327,669)
add_way 0x98f4c49 (363,687) (358,704) (352,714) (338,728)
add_way 0x10 (338,728) (335,730) (334,730) (334,729) (338,728)
add_way 0x98f4c4a (229,724) (231,734) (227,742) (230,751) (234,753)
add_way 0x11 (234,753) (235,753) (234,756) (233,756) (234,753)
add_way 0x98f7ae1 (767,624) (760,625) (736,637) (719,637) (706,646) (680,675) (674,681) (665,691) (651,695) (643,700)
add_way 0x98f7ae3 (219,538) (238,516) (247,508) (262,499) (273,489)
add_way 0x12 (273,489) (275,485) (277,484) (277,486) (273,489)
add_way 0x98f7ae4 (430,863) (422,864) (406,869)
add_way 0x98f7ae6 (489,567) (490,567) (490,571) (490,573)
add_way 0x98f7ae7 (544,588) (556,584) (564,587) (566,592) (571,594) (573,598) (594,604) (606,615) (623,614) (631,615) (636,611) (642,610) (643,612) (635,619) (633,623) (626,632) (624,637) (624,640) (618,649)
add_way 0x98f7ae8 (338,852) (334,856)
add_way 0x98f7ae9 (694,593) (692,592)
add_way 0x98f7aeb (267,829) (262,825) (261,816)
add_way 0x98f7aec (509,546) (506,547) (497,554) (492,558) (491,560) (490,562) (489,567)
add_way 0x98f7aef (338,852) (348,841) (351,836)
add_way 0x98f7af2 (299,826) (298,820) (306,809) (315,802)
add_way 0x98f7af4 (659,945) (660,943) (663,942) (667,941)
add_way 0x98f7af5 (668,373) (655,384) (637,403) (634,406) (634,409)
add_way 0x98f7af8 (219,538) (237,546) (250,560) (249,566) (253,569)
add_way 0x98f7afb (489,842) (489,848) (491,852) (490,856) (492,857) (495,858) (498,860) (506,861) (505,864) (506,867) (504,872) (507,873) (507,876) (508,876) (511,875) (515,875) (516,876)
add_way 0x98f7afe (668,606) (668,607) (666,612) (671,623) (669,630) (671,644)
add_way 0x98f7aff (668,373) (642,365)
add_way 0x98f7b00 (469,509) (473,505) (477,503) (485,503) (494,501) (502,496)
add_way 0x98f9bad (687,725) (684,724) (673,728) (661,738) (652,740) (642,741) (633,747) (626,753) (620,754) (610,759)
add_way 0x13 (610,759) (608,761) (607,761) (608,760) (610,759)
add_way 0x98f9bae (729,767) (735,763) (742,759) (748,754) (750,750) (758,743) (758,741) (756,734) (757,730)
add_way 0x98f9baf (673,559) (691,538) (710,527) (716,520) (729,513) (743,508) (753,508) (757,514) (763,516) (769,512) (776,511) (782,514) (785,518) (783,525) (787,529)
add_way 0x14 (787,529) (790,531) (792,530) (792,528) (791,527) (787,529)
add_way 0x98f9bb0 (729,767) (727,777) (734,785) (739,787) (740,788) (739,792) (738,794) (736,796)
add_way 0x98f9bb1 (659,770) (651,777) (647,782) (641,787) (639,790) (634,792) (630,794) (629,795) (627,799) (622,805) (621,806)
add_way 0x98f9bb2 (1014,686) (1020,697) (1018,713) (1020,719) (1024,724) (1025,727) (1024,733) (1028,738)
add_way 0x98f9cba (418,967) (412,971) (400,976) (391,984) (387,990) (385,1024)
add_way 0x98f9cbb (451,976) (468,973) (476,969) (483,963)
add_way 0x990bf83 (956,586) (957,585) (958,585) (961,585)
add_way 0x990bf85 (1018,604) (1019,603) (1022,599) (1025,598) (1029,596) (1033,593)
add_way 0x990bf8b (1324,387) (1320,393) (1310,403) (1306,408) (1297,415) (1293,418)
add_way 0x15 (1293,418) (1292,421) (1290,421) (1291,420) (1293,418)
add_way 0x990bf8c (919,695) (909,705) (905,715) (894,726) (893,729) (895,732) (894,736) (889,741) (885,746) (886,750) (884,753)
add_way 0x990bf8f (787,961) (791,956) (798,955) (804,951) (815,931) (819,918) (830,905) (834,896)
add_way 0x990bf93 (1324,387) (1321,386) (1320,382) (1322,370) (1326,365)
add_way 0x16 (1326,365) (1328,361) (1330,360) (1330,361) (1330,362) (1326,365)
add_way 0x990bf96 (847,586) (847,595)
add_way 0x990bf9b (1105,365) (1112,377) (1117,380) (1118,388) (1116,393) (1093,422) (1077,434) (1052,457) (1048,463) (1047,472) (1040,484) (1027,495) (1014,521) (1001,534)
add_way 0x990bf9d (1028,738) (1033,738) (1038,740) (1040,744) (1044,746) (1051,748) (1063,748) (1067,753) (1070,754) (1079,750) (1084,746) (1093,745) (1099,750)
add_way 0x990bfa0 (938,667) (933,670) (926,672)
add_way 0x990bfa2 (872,502) (862,511) (851,517) (844,524) (839,527) (837,530) (838,537) (841,543) (837,550) (827,562) (818,567) (813,572)
add_way 0x17 (813,572) (812,574) (810,574) (810,572) (812,571) (813,572)
add_way 0x990bfa6 (954,638) (948,639) (939,639) (934,641)
add_way 0x990bfa7 (945,607) (940,609) (935,612) (933,615) (933,621) (931,626) (924,632) (914,636) (912,638)
add_way 0x990bfab (899,561) (906,566) (910,572) (909,576) (900,587) (890,598)
add_way 0x990bfac (1001,645) (1008,640) (1016,636) (1021,631) (1035,625) (1042,626) (1046,624)
add_way 0x18 (1046,624) (1049,623) (1048,622) (1047,622) (1046,623) (1046,624)
add_way 0x990bfad (1412,403) (1412,409) (1412,416) (1409,423) (1405,430) (1400,434)
add_way 0x991038e (1193,785) (1186,800) (1182,802) (1172,802) (1166,812) (1154,817) (1149,822) (1144,823) (1122,850) (1119,858) (1115,862) (1110,872) (1091,889)
add_way 0x9910391 (1514,468) (1502,468) (1494,472) (1482,483) (1480,490) (1473,499) (1464,507) (1450,516) (1446,523) (1439,527)
add_way 0x9910393 (1426,493) (1432,494) (1440,494) (1439,497) (1433,504) (1431,509) (1425,514) (1421,519) (1426,526) (1430,530) (1439,527)
add_way 0x9910395 (1702,399) (1691,383) (1687,360) (1684,348) (1680,340) (1676,337) (1662,352) (1637,369) (1620,374) (1606,373) (1599,371) (1599,368) (1601,351) (1601,345) (1598,336) (1599,331)
add_way 0x9910397 (1445,646) (1452,628) (1454,619) (1452,614) (1453,612) (1460,608) (1461,606) (1462,598) (1463,592) (1464,587) (1466,582) (1469,578) (1477,571) (1483,563) (1484,561) (1484,555) (1485,551) (1483,543)
add_way 0x9910399 (1411,649) (1390,667)
add_way 0x991039a (1483,543) (1476,547) (1465,556) (1455,561) (1449,561) (1442,561) (1437,559) (1434,561) (1430,567) (1427,569) (1421,571) (1415,581)
add_way 0x19 (1415,581) (1415,583) (1413,584) (1412,584) (1413,582) (1415,581)
add_way 0x991039d (1393,632) (1384,631) (1364,635)
add_way 0x991039f (840,959) (837,955) (838,949) (840,945) (843,942) (844,939) (848,936)
add_way 0x99103a0 (1359,591) (1352,594) (1346,600) (1343,599) (1338,599)
add_way 0x99103a4 (1514,468) (1508,473) (1506,477) (1509,486)
add_way 0x99103a5 (1334,608) (1334,610) (1333,612) (1332,612) (1332,610) (1334,608)
add_way 0x1a (1334,608) (1338,599)
add_way 0x99103a7 (1374,570) (1366,573) (1362,576) (1360,578) (1356,580) (1351,584) (1348,584) (1347,582)
add_way 0x9911047 (1770,246) (1763,247) (1746,248) (1736,249) (1727,249) (1722,251) (1718,254) (1704,261) (1697,268) (1682,276) (1665,281) (1653,282) (1649,285) (1645,287)
add_way 0x9911048 (1418,234) (1415,234)
add_way 0x991104c (1516,241) (1507,239) (1497,244) (1489,252) (1474,257) (1467,262) (1455,275) (1446,275) (1442,274) (1437,275) (1383,293) (1369,294)
add_way 0x9911050 (1516,241) (1515,244) (1506,250) (1504,254)
add_way 0x9911055 (1707,185) (1699,191) (1686,211) (1682,217) (1678,222) (1677,229)
add_way 0x991105b (1560,238) (1552,242) (1546,242) (1543,243) (1536,243) (1533,240) (1524,240) (1520,241) (1516,241)
add_way 0x991261b (1496,167) (1483,174) (1457,180) (1451,182) (1439,195)
add_way 0x9912620 (1405,61) (1458,42) (1462,37)
add_way 0x9912623 (1439,195) (1433,202) (1430,207)
add_way 0x9912629 (1407,197) (1409,199) (1412,199) (1429,193) (1439,195)
add_way 0x991262a (1405,61) (1405,65) (1412,75) (1411,82) (1414,99) (1411,108) (1403,115)
add_way 0x991262c (1496,167) (1492,159) (1489,140) (1495,124) (1502,117) (1507,93) (1535,65) (1538,58) (1543,55)
add_way 0x99136ea (1021,928) (1019,936) (1014,945) (1010,946) (1008,948) (1008,951) (1006,954) (1008,955) (1002,965) (1002,968) (1001,970)
add_way 0x99136ec (1023,1036) (1014,1037) (1015,1032) (1001,1036) (998,1036) (999,1027) (997,1026) (991,1026) (991,1025) (997,1019) (999,1014)
add_way 0x99136ee (1065,1122) (1073,1123) (1088,1116) (1092,1116) (1096,1114) (1098,1112) (1099,1106) (1101,1101)
add_way 0x1b (1101,1101) (1103,1099) (1102,1098) (1100,1098) (1100,1100) (1101,1101)
add_way 0x99136f2 (1058,1125) (1062,1139) (1066,1141)
add_way 0x99136f3 (1023,1036) (1024,1037) (1021,1049) (1005,1061) (1000,1065) (996,1068)
add_way 0x99136f7 (1046,1021) (1056,1018) (1113,978)
add_way 0x99136ff (914,1010) (912,1014) (898,1031) (895,1039) (895,1043) (897,1045) (905,1045) (912,1049) (919,1048) (920,1051)
add_way 0x9913704 (914,1010) (904,1012) (878,1024) (865,1025)
add_way 0x9913711 (972,945) (964,943) (958,939) (952,938) (947,935)
add_way 0x9913715 (1093,1097) (1091,1096) (1083,1101) (1079,1105) (1073,1110) (1067,1115) (1066,1120) (1065,1122)
add_way 0x9913716 (1096,1137) (1089,1148)
add_way 0x9a1746e (1124,763) (1136,752) (1139,751) (1142,751) (1149,749) (1164,736) (1172,734) (1181,728) (1187,726) (1193,721) (1195,717) (1198,715) (1207,712) (1211,706) (1212,700) (1214,695) (1220,692)
add_way 0x9a23e84 (1207,1135) (1200,1145) (1199,1148)
add_way 0x9a31c19 (1309,978) (1306,974) (1296,968) (1282,967) (1278,965) (1272,965)
add_way 0x1c (1272,965) (1268,965) (1269,962) (1271,962) (1272,965)
add_way 0x9a31c1a (1372,1016) (1380,1018) (1382,1023)
add_way 0x9a31c1c (1372,1016) (1367,1021) (1347,1023) (1318,1033)
add_way 0x9a31c1d (1346,1091) (1349,1091) (1341,1111) (1332,1126) (1328,1128)
add_way 0xa323413 (623,878) (617,880) (613,880) (610,880) (606,880) (600,883) (596,885) (592,888) (580,895) (570,901) (557,909) (546,916) (539,921) (535,923)
add_way 0xb576386 (1028,738) (1010,748) (993,774) (984,782) (983,786)
add_way 0xb576388 (1099,750) (1105,750) (1115,749) (1117,749) (1117,750)
add_way 0xb57638a (1645,287) (1643,289) (1641,292)
add_way 0xca9b4f1 (1392,1024) (1383,1031) (1373,1037)
add_way 0xcac0261 (1448,789) (1446,793) (1439,800) (1432,804) (1428,812) (1424,817) (1420,820)
add_way 0x1d (1420,820) (1419,821) (1418,821) (1419,820) (1420,820)
add_way 0xcac0263 (1421,851) (1413,846) (1409,846) (1405,847) (1394,854) (1390,855) (1383,855) (1376,856) (1372,857) (1369,860) (1358,877)
add_way 0xcac0264 (1482,748) (1484,743) (1484,740) (1485,738) (1486,733) (1488,729) (1488,727) (1487,726) (1486,723) (1487,721) (1493,715) (1497,713) (1500,708)
add_way 0xcac0265 (1370,786) (1369,792)
add_way 0xcac0267 (1421,851) (1419,858) (1415,865) (1415,867) (1417,870) (1417,871) (1413,875) (1411,880) (1411,883) (1411,885) (1413,888) (1413,893)
add_way 0xcac026a (1448,789) (1444,788) (1441,785) (1432,784) (1406,788) (1392,804) (1377,816) (1372,822) (1371,829) (1366,834) (1360,837) (1351,833) (1341,833) (1316,857) (1315,862) (1300,883) (1292,898) (1290,905)
add_way 0xcac026c (1388,732) (1385,735) (1381,738) (1380,742)
add_way 0xd402f53 (1097,138) (1107,141) (1109,149) (1112,152) (1120,149) (1123,149) (1127,155) (1131,155) (1156,155) (1164,152) (1186,154)
add_way 0xd402f54 (1078,122) (1082,120) (1093,113) (1098,111) (1101,110) (1103,110) (1109,109) (1114,109)
add_way 0x119de685 (663,946) (664,945) (665,944) (666,942) (667,941)
add_way 0x119de686 (655,946) (657,944) (658,945)
add_way 0x119de687 (647,947) (645,948) (644,950) (643,951) (641,953) (639,955) (637,957) (635,957)
add_way 0x119def43 (623,878) (624,879) (626,880) (626,881)
add_way 0x119df434 (761,983) (750,988) (746,985) (741,985) (730,981) (719,985) (712,983) (708,984) (706,982) (704,976) (699,975) (666,978) (663,975) (662,971) (665,966) (658,953)
add_way 0x119df435 (784,973) (784,972) (784,970) (785,968) (786,966) (786,965) (787,964) (787,964) (787,961)
add_way 0x1444326c (544,588) (543,591) (541,594) (539,597) (538,598) (537,599) (536,598) (536,597) (535,596) (535,596) (533,595)
add_way 0x1444326d (520,605) (521,603)
add_way 0x1444326e (521,603) (522,600) (523,598) (533,595)
add_way 0x1444326f (490,574) (488,582) (492,584) (493,588) (496,593) (501,597) (506,597) (513,605) (518,606) (520,605)
add_way 0x14443270 (490,573) (490,574)
add_way 0x14443271 (479,516) (479,518)
add_way 0x14443273 (638,119) (637,118) (636,118) (634,119) (633,119)
add_way 0x14443275 (755,193) (753,190) (752,188) (751,187) (749,186) (745,185) (742,184) (739,184) (733,185) (729,186) (727,186) (724,188)
add_way 0x14443277 (1366,47) (1380,32) (1387,28) (1389,24) (1394,14) (1398,8) (1403,3) (1405,0)
add_way 0x14443278 (618,510) (635,502) (663,486) (676,473) (691,470) (705,460)
add_way 0x144f5fc0 (648,133) (647,132) (647,130) (648,128) (648,126) (648,125) (647,124) (647,124) (646,124) (644,125) (642,126) (640,126) (639,126) (638,126) (637,125) (637,124) (636,123) (635,123)
add_way 0x1575b9b4 (612,685) (607,683) (604,683) (605,676) (605,675) (609,674) (614,671) (615,670)
add_way 0x15ebde13 (1234,175) (1245,179) (1250,179) (1254,182) (1261,179) (1263,179)
add_way 0x15ebde14 (1316,31) (1310,33) (1305,32) (1301,33) (1297,33) (1294,27) (1292,25) (1286,24) (1277,25) (1274,22) (1270,23) (1267,22) (1263,23) (1257,21) (1257,17) (1257,14) (1256,13) (1253,14) (1252,10)
add_way 0x15ebe426 (729,170) (736,165) (742,152) (743,143) (743,140) (744,137) (747,133)
add_way 0x15ebe427 (689,363) (684,362) (680,361)
add_way 0x15ebe428 (665,387) (661,386) (658,387) (655,390) (653,394) (650,398)
add_way 0x15ebe429 (722,192) (713,200) (710,204) (709,210)
add_way 0x15ebe42a (659,395) (663,391) (665,387)
add_way 0x15ebe42b (689,363) (690,358) (690,354) (691,351)
add_way 0x15ebed8a (1177,325) (1194,316) (1204,310) (1207,309) (1210,311) (1226,311) (1234,312) (1242,316) (1262,312) (1267,313) (1279,309) (1285,303) (1292,297) (1307,290)
add_way 0x15ebed8b (667,941) (670,938) (676,934)
add_way 0x15ebed8c (652,847) (652,846) (651,844)
add_way 0x15ebed8d (685,922) (685,921) (689,915)
add_way 0x15ebed8e (651,844) (655,838) (653,831) (646,825) (633,833) (623,835) (620,832) (615,831) (600,836) (599,827) (597,824) (589,824) (586,822) (584,818) (575,819) (573,818)
add_way 0x15ebed8f (689,915) (696,908) (695,900) (710,878) (708,874) (708,869) (717,854) (718,845) (723,836) (722,818)
add_way 0x15ebed90 (676,934) (681,932) (684,929) (686,927) (687,925) (686,923) (685,922)
add_way 0x15ebf65f (1415,234) (1396,240)
add_way 0x15ebf660 (1418,234) (1417,237)
add_way 0x16255ed1 (1099,750) (1100,746) (1110,734) (1115,731) (1128,705) (1133,698)
add_way 0x18f24c1a (659,770) (657,769) (655,769) (653,769) (649,771) (645,773) (644,773) (644,773) (643,771) (643,771) (642,770) (639,771) (638,771)
add_way 0x18f24c20 (621,806) (620,805) (618,803) (615,803) (612,803) (610,802) (611,799) (612,796) (614,792) (615,791) (613,787) (611,784)
add_way 0x1ce94bd9 (1761,32) (1758,35) (1749,39) (1739,41) (1731,42)
add_way 0x1ce94bda (1761,32) (1762,33) (1763,39)
add_way 0x1ce94bdd (1691,185) (1698,179) (1693,176) (1693,172) (1694,168) (1698,159) (1700,155) (1712,143) (1728,131) (1736,122) (1744,117) (1748,110) (1762,101) (1764,99) (1765,94) (1767,89) (1770,84)
add_way 0x1ce94f8d (1616,197) (1615,200)
add_way 0x1ce94f8e (1563,142) (1563,152) (1567,161) (1573,163) (1579,169) (1582,177) (1583,182)
add_way 0x1cf56260 (689,726) (687,725)
add_way 0x1cf56261 (719,726) (715,726) (710,723) (694,728) (689,726)
add_way 0x1cf56262 (694,593) (695,590)
add_way 0x1cf56263 (755,689) (754,688)
add_way 0x1cf56265 (783,681) (785,673)
add_way 0x1cf56266 (841,669) (842,666) (849,661)
add_way 0x1cf56267 (945,598) (948,599) (952,600) (955,600) (955,604) (958,604) (961,602)
add_way 0x1e2b0ab9 (658,953) (659,952) (660,951) (660,950) (660,949)
add_way 0x1e2b0aba (763,984) (762,984) (762,983) (761,983)
add_way 0x1e2b0abb (784,973) (783,974) (780,974) (776,977) (773,978) (769,979) (768,982) (766,983) (764,984) (763,984)
add_way 0x1e2b0abc (659,945) (659,946) (660,947) (661,947) (662,947)
add_way 0x1e2b0abd (659,948) (658,947) (658,946) (659,945)
add_way 0x1e2b0abe (1191,895) (1195,896) (1200,895) (1208,892) (1214,891) (1219,889)
add_way 0x1e2b0ac0 (1219,889) (1221,889)
add_way 0x1e2b0ac1 (1261,890) (1265,889) (1269,893)
add_way 0x1e2b0ac2 (1091,889) (1091,891)
add_way 0x231b0833 (1370,786) (1356,794) (1342,804) (1339,807) (1334,808) (1330,808) (1326,810) (1321,811) (1313,814) (1308,813)
add_way 0x231b0835 (1261,890) (1265,885) (1267,878) (1269,874) (1271,872)
add_way 0x231b0839 (1182,911) (1182,912)
add_way 0x231b083b (1191,895) (1188,902) (1185,908) (1182,911)
add_way 0x231b083d (1182,912) (1181,913) (1179,918) (1176,922) (1175,927)
add_way 0x231b084e (984,1119) (982,1134)
add_way 0x231b0850 (976,1123) (977,1121) (973,1114) (970,1105) (966,1100) (966,1098) (966,1092) (968,1089)
add_way 0x231b0851 (972,1127) (972,1123) (963,1118) (959,1117)
add_way 0x231b0855 (820,1148) (826,1141) (840,1122) (848,1116) (862,1102) (873,1096)
add_way 0x1e (873,1096) (877,1094) (877,1092) (877,1092) (875,1093) (873,1096)
add_way 0x24b2016d (1263,179) (1263,178) (1264,175) (1265,171) (1267,169) (1268,166) (1275,159) (1276,157) (1276,156)
add_way 0x25818c23 (655,946) (656,945) (657,944) (658,945)
add_way 0x25818c24 (658,945) (658,946) (658,947) (658,948)
add_way 0x25b3d002 (145,983) (143,979) (146,971) (147,961) (146,958) (135,949) (120,942) (118,937) (112,933) (109,928) (110,925)
add_way 0x25b3d005 (252,1097) (253,1098) (254,1101) (251,1107) (250,1113) (250,1117) (254,1119) (255,1122) (257,1125) (257,1127) (258,1129) (260,1130) (266,1129) (272,1125) (275,1125) (277,1124)
add_way 0x25b3d006 (385,1024) (410,1013) (414,1010) (420,1003) (428,997)
add_way 0x25b3d007 (451,975) (445,974)
add_way 0x1f (442,974) (442,975) (442,975) (443,975) (445,974)
add_way 0x25b3d008 (469,982) (483,963)
add_way 0x25b3d009 (469,982) (471,986) (471,989) (469,996) (470,1000) (471,1004) (475,1005) (483,1004) (487,1004) (492,1004) (496,1005)
add_way 0x25eeb0d8 (483,963) (488,956) (492,949) (498,944) (507,937) (535,923)
add_way 0x25eeb0d9 (653,851) (652,847)
add_way 0x25eebd8c (484,522) (501,531) (503,533) (505,537) (509,546)
add_way 0x25eebd8d (665,387) (671,382) (680,375)
add_way 0x25eebd8e (693,334) (696,340) (694,345) (691,351)
add_way 0x25eebd8f (691,351) (695,355) (698,365) (696,371) (692,376) (690,379)
add_way 0x25eebd90 (722,261) (728,258) (733,256) (752,248) (758,249) (759,254) (764,258) (767,264) (770,266) (772,266)
add_way 0x25eebd91 (721,184) (722,181) (723,179) (724,176) (726,174) (729,170)
add_way 0x25eebd92 (729,170) (730,169) (730,167) (730,165) (729,161) (727,156) (725,154) (724,153) (722,152) (721,151) (721,148) (721,146) (721,145) (720,140) (718,132) (717,121) (716,115) (716,112) (715,110) (716,106)
add_way 0x25eebd93 (713,94) (712,92) (711,89) (709,86) (708,83) (706,80) (705,78)
add_way 0x26014817 (313,852) (308,855)
add_way 0x2604b49e (465,960) (456,972) (454,973) (451,975)
add_way 0x2604b4a7 (824,705) (825,709) (833,716) (835,719) (830,728) (831,731) (830,734) (833,739) (830,746) (825,749) (823,755) (817,761) (817,763) (820,766) (819,774) (818,776) (831,775)
add_way 0x2604b4a8 (824,705) (827,703) (831,698) (835,694) (836,692) (842,689) (846,687) (848,686) (850,684) (852,680) (853,679) (853,678) (850,677)
add_way 0x2604b4a9 (853,673) (851,674) (850,677)
add_way 0x2604b4ae (1118,750) (1120,755) (1120,761) (1124,763)
add_way 0x2604b4af (1117,750) (1118,750)
add_way 0x2604b4b1 (1078,616) (1082,621)
add_way 0x2604b4b8 (1018,604) (1016,603) (1015,602) (1012,602) (1007,606)
add_way 0x2604b4bf (961,630) (965,629) (970,629) (972,628) (975,627) (979,626)
add_way 0x2604b4c0 (944,601) (939,605) (933,610) (931,613) (929,614) (927,614) (927,611)
add_way 0x2604b4c2 (989,567) (983,567) (980,569) (976,572) (970,576) (967,578) (960,581) (957,583) (956,584) (956,586)
add_way 0x29bc0369 (722,818) (722,815) (721,813) (720,812) (720,812) (718,812)
add_way 0x29bc036a (718,812) (712,813) (707,818) (700,820) (689,829) (680,834) (675,835) (653,851)
add_way 0x29bc1f34 (573,818) (568,815)
add_way 0x29bc1f35 (568,815) (570,802) (575,786) (576,785) (577,783)
add_way 0x29bc26d5 (577,783) (578,779) (575,774)
add_way 0x29bc26d6 (575,774) (576,771) (574,767) (568,764) (569,758) (574,752) (576,746) (571,743) (572,740) (586,732) (593,722) (591,718) (592,710) (598,705) (602,703) (605,700) (612,694)
add_way 0x29bc4205 (1560,349) (1558,353) (1560,356) (1580,345) (1590,330) (1605,318) (1610,314) (1613,314) (1619,307) (1631,300) (1635,295) (1642,295) (1645,290) (1645,287)
add_way 0x29bc4206 (1569,340) (1566,343) (1560,349)
add_way 0x29bc4207 (1577,319) (1581,321) (1581,324) (1578,329)
add_way 0x29bc4208 (1578,329) (1577,332) (1569,340)
add_way 0x29bc4209 (1572,316) (1577,319)
add_way 0x29bc420a (1466,401) (1472,395) (1480,389) (1491,384) (1496,383) (1501,379) (1506,374) (1510,372) (1516,368) (1520,363) (1524,359) (1550,342) (1553,339) (1561,329) (1566,324) (1569,321) (1570,318) (1572,316)
add_way 0x29bc450c (1400,434) (1401,438) (1410,436) (1414,436) (1418,434) (1425,435) (1429,432) (1434,429) (1440,424) (1449,417) (1454,412) (1460,409) (1466,401)
add_way 0x29bc450d (1400,434) (1394,439) (1391,444) (1375,468) (1368,480)
add_way 0x29bc570e (1364,450) (1379,441) (1393,434) (1400,434)
add_way 0x29bc570f (1319,494) (1332,480) (1340,470) (1347,463) (1352,460) (1357,456) (1364,450)
add_way 0x29bc5710 (1303,505) (1319,494)
add_way 0x29bc5711 (1296,513) (1303,505)
add_way 0x29bc5712 (1292,521) (1296,513)
add_way 0x29bc643b (1250,568) (1254,564) (1258,562) (1261,561) (1263,558) (1274,543) (1276,540) (1277,539) (1280,536) (1284,534) (1287,530) (1292,521)
add_way 0x29bc643c (1242,584) (1250,568)
add_way 0x29bc643d (1133,698) (1140,691) (1152,684) (1157,681) (1160,679) (1164,676) (1168,673) (1172,671) (1176,666) (1179,661) (1182,656) (1183,651) (1185,646) (1188,643) (1195,639) (1208,630) (1221,617) (1225,608) (1229,602) (1236,595)
add_way 0x29bc643e (1236,595) (1242,584)
add_way 0x29c68c3b (618,649) (618,650) (616,650) (613,652) (612,654) (612,655) (611,657) (610,658) (607,660) (605,662)
add_way 0x29c68c3c (488,514) (487,519) (484,522)
add_way 0x29c68c3d (650,398) (637,406) (634,406) (620,410) (612,419) (602,424) (591,426) (583,426) (580,427)
add_way 0x29c68c3e (747,133) (751,127) (753,120) (753,112) (753,110)
add_way 0x29c6a02e (1234,0) (1235,4) (1242,8) (1254,4) (1254,7)
add_way 0x29c6a02f (1420,0) (1421,6) (1419,11) (1420,14) (1436,13) (1446,17) (1448,23) (1444,31) (1445,33) (1451,33) (1457,36) (1462,37)
add_way 0x29c6a030 (1462,37) (1475,39) (1483,34) (1488,33) (1492,39) (1500,39) (1511,37) (1518,34) (1522,32) (1531,32) (1536,31) (1542,34)
add_way 0x29c6a031 (1462,37) (1470,25) (1486,15) (1520,0) (1521,0)
add_way 0x29c6a032 (1550,39) (1557,40) (1553,47) (1543,55)
add_way 0x29c6a033 (1542,34) (1550,39)
add_way 0x29c6a718 (1583,182) (1589,187) (1592,192) (1597,193) (1604,191) (1614,191) (1616,194) (1616,197)
add_way 0x29c6b377 (983,786) (985,788) (987,789) (988,791) (990,792) (991,793) (992,793) (990,795) (989,796) (987,798) (984,799) (979,802)
add_way 0x29c6b378 (850,818) (860,814) (864,814) (873,810) (889,801) (902,791) (911,789) (927,781) (933,781) (941,776) (949,774) (958,776) (966,783) (983,786)
add_way 0x29c6b379 (841,829) (842,828) (842,826) (845,823) (849,819) (850,818)
add_way 0x29c6b37a (829,862) (829,858) (827,855) (827,852) (827,851) (829,849) (830,848) (832,843) (833,842) (837,839) (838,837) (839,833) (841,829)
add_way 0x29c6b37b (826,874) (827,872) (829,866) (829,862)
add_way 0x29c6b37c (803,890) (808,883) (809,880) (810,878) (813,876) (817,876) (819,877) (822,876) (824,876) (826,874)
add_way 0x29c6b37d (754,913) (762,910) (771,907) (776,905) (781,903) (787,900) (792,899) (798,897) (798,896) (802,893) (803,890)
add_way 0x29c6b37e (749,915) (754,913)
add_way 0x29cbf93a (1316,31) (1320,31) (1322,32) (1324,35) (1326,37) (1330,37) (1335,35) (1341,31) (1349,27) (1355,22) (1363,16) (1365,14) (1367,10) (1367,6) (1369,2) (1375,0)
add_way 0x2fa80e77 (1315,479) (1313,482) (1309,488) (1304,494) (1301,498) (1297,502) (1296,506) (1295,511) (1296,513)
add_way 0x2fb67ac2 (949,336) (949,338)
add_way 0x2fb67fb8 (949,336) (997,324) (1030,321) (1061,315) (1100,314) (1131,302) (1139,304) (1144,313) (1159,319)
add_way 0x2fb6817b (1159,319) (1161,319) (1163,318) (1167,317) (1170,317) (1173,318) (1174,319) (1175,321) (1176,323) (1177,325)
add_way 0x2fb684d6 (1307,290) (1309,288) (1311,287) (1313,285) (1314,284) (1316,283) (1318,282)
add_way 0x2fbaf4bc (425,52) (466,37) (476,37) (484,49) (494,71) (500,71) (504,78) (525,73)
add_way 0x2fd4c4a6 (421,47) (425,52)
add_way 0x2fd4c4a7 (598,57) (607,62) (607,76) (619,93) (625,98) (625,104) (630,112) (629,116) (625,121) (634,125)
add_way 0x2fd4c4a8 (525,73) (544,69)
add_way 0x30298fae (544,69) (598,57)
add_way 0x303a86fe (432,0) (421,47)
add_way 0x30864926 (1229,253) (1230,254) (1234,254) (1237,256) (1241,255)
add_way 0x30864927 (1186,154) (1196,155) (1213,157) (1220,160) (1227,161) (1233,162) (1237,165) (1239,166)
add_way 0x34d6daf8 (952,642) (951,642) (949,643)
add_way 0x34d6e2e4 (484,516) (486,516) (487,515) (488,514)
add_way 0x34d6e2e5 (490,511) (490,510) (491,509)
add_way 0x34d6e2e6 (638,119) (639,119) (639,120)
add_way 0x28 (1419,1022) (1408,1031) (1396,1041)
add_way 0x29 (1396,1041) (1386,1048) (1369,1061) (1361,1069) (1349,1085) (1346,1091)
add_way 0x2a (1346,1091) (1342,1097)
add_way 0x2b (1342,1097) (1328,1128)
add_way 0x2c (1328,1128) (1323,1140)
add_way 0x2d (1323,1140) (1321,1145)
add_way 0x2e (1321,1145) (1319,1148)
add_way 0x2f (0,279) (11,275) (28,275) (35,279) (41,286) (52,292) (82,300) (108,304) (124,320) (148,321) (174,336) (188,353)
add_way 0x30 (188,353) (203,350) (211,344) (227,339)
add_way 0x31 (227,339) (247,339) (251,341) (256,346) (269,362) (271,366) (274,373) (287,375) (293,382) (298,386) (299,388) (301,392) (303,403) (319,434) (322,439)
add_way 0x32 (322,439) (323,442) (325,445) (325,453) (330,470) (331,475) (332,477) (334,479) (337,480) (341,481) (344,482) (346,487) (346,495) (347,497) (352,503) (380,521) (395,531)
add_way 0x33 (629,651) (628,652) (617,668) (616,670)
add_way 0x34 (616,670) (613,676) (612,685)
add_way 0x35 (618,510) (623,515) (659,539) (662,543) (664,552) (666,555) (669,558) (673,559)
add_way 0x36 (695,590) (692,592)
add_way 0x37 (692,592) (683,597) (668,606)
add_way 0x38 (668,606) (663,609) (658,613) (650,621) (642,631) (638,638) (633,644) (631,647)
add_way 0x3a (662,947) (663,946)
add_way 0x3b (659,948) (658,948)
add_way 0x3c (1661,742) (1657,737) (1619,748) (1606,749) (1587,761) (1575,763) (1543,755) (1528,755) (1522,756) (1512,763) (1505,765) (1496,761) (1490,755)
add_way 0x3d (1490,755) (1488,754) (1487,752) (1485,751) (1484,750) (1483,750) (1483,749) (1482,748)
add_way 0x3e (1482,748) (1481,745) (1481,745) (1480,744) (1478,744) (1477,744) (1476,743) (1475,744) (1474,744) (1470,745) (1468,746) (1467,746) (1463,747) (1461,747) (1458,747) (1454,747) (1452,746)
add_way 0x3f (1770,571) (1747,576) (1705,561) (1672,562) (1634,594) (1586,609) (1546,614) (1517,624) (1507,631) (1491,649) (1484,652) (1462,656) (1445,646)
add_way 0x40 (1445,646) (1438,646) (1411,649)
add_way 0x41 (1411,649) (1396,650) (1389,642) (1393,632)
add_way 0x42 (1396,1041) (1392,1032) (1392,1024)
add_way 0x43 (1770,368) (1768,368) (1764,370) (1753,374) (1749,376) (1728,391) (1725,393) (1722,395) (1720,395) (1719,396) (1702,399)
add_way 0x44 (1702,399) (1688,404) (1681,408) (1643,445) (1613,460) (1603,463) (1589,462) (1587,460) (1583,432) (1573,423) (1566,427) (1554,438) (1550,439)
add_way 0x45 (1550,439) (1540,437) (1531,439) (1524,442) (1510,444) (1495,449) (1474,454) (1465,460) (1457,464) (1446,477) (1436,484) (1426,493)
add_way 0x46 (1426,493) (1392,523) (1384,535) (1379,541) (1374,551) (1360,565) (1349,576) (1347,582)
add_way 0x47 (505,0) (498,44) (499,56)
add_way 0x48 (499,56) (501,66) (500,71) (496,78) (475,96)
add_way 0x49 (475,96) (465,107) (450,132) (441,144) (381,197) (365,210) (355,223) (352,232) (350,254) (347,259) (323,282) (317,284)
add_way 0x4a (549,570) (549,571) (549,574) (548,580) (547,584) (544,588)
add_way 0x4b (616,670) (615,670)
add_way 0x4c (1770,178) (1769,178) (1760,176) (1746,177) (1744,176) (1743,175) (1743,170) (1742,169) (1740,168) (1740,168) (1737,170) (1736,173) (1733,177) (1727,182) (1718,185) (1707,185)
add_way 0x4d (1707,185) (1700,183) (1691,185)
add_way 0x4e (1691,185) (1686,185) (1670,190) (1656,198) (1642,201) (1632,206) (1628,205) (1619,200) (1615,200)
add_way 0x4f (1615,200) (1584,208) (1579,211)
add_way 0x50 (1579,211) (1577,214) (1568,226) (1560,238)
add_way 0x51 (1560,238) (1547,257) (1544,260) (1526,267) (1515,276) (1507,281) (1501,287) (1490,303) (1485,306) (1474,314) (1455,332) (1447,339) (1423,369) (1420,372)
add_way 0x52 (1420,372) (1419,376) (1420,384) (1419,388) (1412,403)
add_way 0x53 (1412,403) (1409,405) (1397,416) (1385,425) (1356,441) (1348,448) (1330,468) (1325,472) (1315,479)
add_way 0x54 (1315,479) (1299,483) (1276,490) (1267,496) (1258,503) (1245,520) (1222,539) (1196,558) (1190,561) (1172,564) (1162,570) (1147,576) (1141,582) (1136,586) (1128,596) (1122,600) (1084,614) (1078,616)
add_way 0x55 (1078,616) (1075,618) (1063,628) (1046,649) (1014,686)
add_way 0x56 (1014,686) (1004,698)
add_way 0x57 (1004,698) (999,704) (982,714) (975,715) (967,716) (948,711) (942,707)
add_way 0x58 (942,707) (931,700) (923,696) (919,695)
add_way 0x59 (919,695) (890,692) (883,690) (879,685) (878,681) (873,677) (863,672) (853,673)
add_way 0x5a (853,673) (849,670) (841,669)
add_way 0x5b (841,669) (837,668) (831,668) (823,671) (810,675) (804,678) (796,682) (790,683) (783,681)
add_way 0x5c (783,681) (778,682) (773,685) (766,689) (760,694)
add_way 0x5d (499,56) (517,45) (522,43) (539,49) (544,47) (565,35) (604,27) (609,23) (617,10) (617,9)
add_way 0x5e (617,9) (616,5)
add_way 0x5f (616,5) (613,0)
add_way 0x60 (322,439) (347,421) (367,409) (378,394) (384,377) (390,365)
add_way 0x61 (636,122) (635,123)
add_way 0x62 (635,123) (634,125)
add_way 0x63 (619,136) (617,127) (618,121)
add_way 0x64 (618,121) (549,161) (532,154) (502,166) (484,190) (489,211) (477,251) (479,282) (468,312) (479,328) (478,343) (467,365) (477,368) (489,382) (517,371) (530,344) (535,309) (546,292) (579,283)
add_way 0x65 (692,58) (682,67) (679,70) (672,74) (668,77) (665,80) (657,89) (653,95)
add_way 0x66 (653,95) (648,102) (643,109) (638,119)
add_way 0x68 (1091,21) (1085,24) (1073,15)
add_way 0x69 (799,118) (795,119) (788,124) (778,126)
add_way 0x6a (1263,0) (1260,4) (1254,7)
add_way 0x6b (808,134) (803,131) (801,123) (799,118)
add_way 0x6c (799,118) (807,107) (816,99)
add_way 0x6d (1344,67) (1342,64)
add_way 0x6e (1342,64) (1330,62) (1320,57)
add_way 0x6f (1320,57) (1313,52) (1315,35) (1316,31)
add_way 0x70 (953,40) (956,42) (991,80)
add_way 0x71 (991,80) (1038,82) (1046,78) (1052,78) (1060,75) (1070,83) (1068,92) (1072,105) (1077,111) (1078,122)
add_way 0x72 (1078,122) (1070,126) (1060,135) (1051,149) (1029,168) (1020,171) (1013,171) (1007,180) (1002,185) (993,196) (980,209) (968,218) (958,230) (956,236) (956,246)
add_way 0x73 (956,246) (946,254) (930,260) (921,268) (915,278) (903,287) (888,302)
add_way 0x74 (825,165) (830,162)
add_way 0x75 (755,193) (772,186) (794,172) (798,167) (807,143) (808,134)
add_way 0x76 (808,134) (820,123) (826,124) (846,116) (852,111) (861,102) (876,94) (908,64) (915,60) (920,54) (944,43) (953,40)
add_way 0x77 (953,40) (964,32)
add_way 0x78 (832,226) (838,220) (845,206)
add_way 0x79 (822,216) (828,201) (828,196) (833,189)
add_way 0x7a (991,80) (984,87) (967,117) (965,125) (960,131)
add_way 0x7b (783,213) (781,220) (780,227) (778,239) (777,246) (776,250) (775,255) (775,259)
add_way 0x7c (775,259) (773,263) (772,266)
add_way 0x7d (772,266) (767,277) (757,287) (748,299) (756,332) (752,343) (751,354) (748,363)
add_way 0x7e (748,363) (747,364) (745,366) (744,367) (734,373) (732,376) (731,378) (729,382)
add_way 0x7f (724,188) (724,189) (723,191) (722,192)
add_way 0x80 (722,192) (720,197) (716,207) (715,213) (709,219) (708,229) (705,236) (708,242)
add_way 0x81 (708,242) (709,245) (710,251)
add_way 0x82 (188,353) (175,369) (173,377) (157,390) (151,397) (136,433) (132,444) (130,458) (132,509) (132,510) (136,513) (155,516) (179,530) (181,533) (177,547) (178,551) (179,554)
add_way 0x83 (858,232) (859,229)
add_way 0x84 (859,229) (855,229) (845,231) (834,227) (832,226)
add_way 0x85 (832,226) (828,219) (822,216)
add_way 0x86 (705,78) (704,76) (705,74) (705,72) (705,70) (705,67) (704,65) (703,64) (701,63) (697,62) (693,60) (692,58)
add_way 0x87 (782,39) (789,29) (811,5) (813,0)
add_way 0x88 (1269,893) (1273,897) (1285,905) (1290,905)
add_way 0x89 (1290,905) (1304,901) (1310,899) (1323,888) (1330,884) (1349,878) (1358,877)
add_way 0x8a (1358,877) (1375,881) (1384,886) (1392,887) (1398,888) (1408,889) (1413,893)
add_way 0x8b (108,1089) (124,1080) (134,1074) (141,1071) (145,1070) (148,1071) (150,1072) (160,1080) (163,1085) (164,1088) (164,1090) (163,1094) (161,1099) (159,1104) (159,1107) (160,1110)
add_way 0x8d (316,1073) (319,1068) (321,1062) (329,1053) (331,1049) (328,1044) (327,1036) (332,1017) (333,1009) (324,1002)
add_way 0x8e (324,1002) (322,994)
add_way 0x8f (322,994) (323,981) (325,969) (324,966) (318,965) (309,959) (303,952) (301,946) (282,944) (277,941) (272,933)
add_way 0x90 (272,933) (280,916) (283,912) (291,903) (299,891) (306,887) (334,856)
add_way 0x91 (334,856) (333,853)
add_way 0x92 (333,853) (322,857) (319,857) (317,856) (313,852)
add_way 0x93 (313,852) (308,849) (308,847) (306,828) (306,826) (304,825) (299,826)
add_way 0x94 (299,826) (275,829) (267,829)
add_way 0x96 (1053,1148) (1060,1144) (1066,1141)
add_way 0x97 (1066,1141) (1070,1140) (1086,1140) (1096,1137)
add_way 0x98 (1096,1137) (1127,1130) (1154,1120) (1157,1119) (1161,1118) (1166,1119) (1173,1123) (1192,1133) (1196,1134) (1203,1134) (1207,1135)
add_way 0x99 (1207,1135) (1223,1132) (1246,1132) (1257,1131)
add_way 0x9a (1257,1131) (1265,1130) (1272,1128) (1291,1121)
add_way 0x9b (442,974) (441,973) (441,972) (442,970) (441,969) (439,969) (432,966) (424,967) (420,967) (418,967)
add_way 0x9c (492,444) (459,427) (451,420) (433,428) (352,503) (298,565)
add_way 0x9d (298,565) (284,581) (199,668)
add_way 0x9e (199,668) (187,680) (178,691)
add_way 0x9f (777,1021) (775,1021)
add_way 0xa0 (959,1148) (967,1134) (972,1127)
add_way 0xa1 (972,1127) (976,1123)
add_way 0xa2 (976,1123) (984,1119)
add_way 0xa3 (984,1119) (992,1114) (1005,1103)
add_way 0xa4 (1005,1103) (1014,1096) (1053,1072)
add_way 0xa5 (1291,1121) (1289,1112) (1285,1108) (1279,1066) (1278,1063) (1275,1061) (1271,1061) (1266,1059) (1264,1057) (1266,1052) (1266,1049) (1265,1044) (1266,1036) (1265,1033) (1261,1031) (1262,1029) (1267,1022) (1268,1018) (1266,1007)
add_way 0xa6 (395,531) (383,547) (382,560) (381,564) (377,569) (379,577) (378,585) (391,593) (400,604) (405,604) (416,601) (432,601) (442,599) (449,604) (450,609) (425,667) (421,671) (402,688)
add_way 0xa7 (402,688) (394,691) (363,687)
add_way 0xa8 (363,687) (352,687) (339,690) (327,687)
add_way 0xa9 (327,687) (317,685) (310,688) (308,691) (304,699) (298,704) (292,705) (272,702)
add_way 0xaa (272,702) (267,703) (229,724)
add_way 0xab (179,554) (215,542) (219,538)
add_way 0xac (500,836) (489,842)
add_way 0xad (489,842) (478,851) (473,854) (468,858) (458,864) (450,861) (440,861) (430,863)
add_way 0xae (333,853) (338,852)
add_way 0xaf (729,382) (701,385) (690,379)
add_way 0xb0 (690,379) (680,375)
add_way 0xb1 (680,375) (672,373) (668,373)
add_way 0xb2 (719,726) (718,730) (713,739) (712,741) (712,746) (714,750) (713,757) (714,759) (718,765) (721,766) (729,766) (729,767)
add_way 0xb3 (760,694) (759,695) (738,709) (719,726)
add_way 0xb5 (719,726) (710,732) (694,747) (663,767) (659,770)
add_way 0xb6 (942,707) (945,700) (950,678) (945,673) (943,668) (938,667)
add_way 0xb7 (938,667) (939,664) (942,659) (948,654) (951,643) (952,642)
add_way 0xb8 (952,642) (954,638)
add_way 0xb9 (954,638) (958,634) (960,632) (961,631) (961,630)
add_way 0xba (961,630) (961,627) (959,618) (950,614) (947,611) (945,607)
add_way 0xbb (945,607) (944,601)
add_way 0xbc (944,601) (945,598)
add_way 0xbd (945,598) (947,595) (955,588) (956,586)
add_way 0xbe (1004,698) (1001,692) (995,688) (991,686) (990,681) (994,676) (997,668) (1000,662) (1005,657) (1006,654) (1002,651) (1001,648) (1001,645)
add_way 0xbf (1001,645) (1003,639) (1011,632) (1013,628) (1016,621) (1015,615) (1013,615) (1013,612) (1012,610) (1012,609) (1018,604)
add_way 0xc0 (1420,372) (1405,379) (1399,380) (1389,379) (1380,382) (1362,380) (1349,384) (1334,387) (1324,387)
add_way 0xc1 (767,618) (784,608) (798,608) (808,604) (817,602) (847,586)
add_way 0xc2 (847,586) (851,584) (864,581) (873,576) (891,568) (899,561)
add_way 0xc3 (899,561) (908,549) (908,545) (907,543) (899,542) (892,539) (886,529) (883,516) (876,511) (872,502)
add_way 0xc4 (1535,547) (1533,542) (1524,540) (1516,540) (1510,538) (1506,534) (1499,534) (1495,535) (1490,539) (1483,543)
add_way 0xc5 (1550,439) (1533,454) (1514,468)
add_way 0xc6 (1579,211) (1545,206) (1539,206) (1527,209) (1517,219) (1509,224) (1506,225) (1503,223) (1491,228) (1462,224) (1438,234) (1418,234)
add_way 0xc7 (1708,0) (1704,3) (1690,10) (1685,14) (1682,16) (1680,20) (1675,41) (1671,47) (1668,58) (1659,68) (1651,82) (1646,89) (1641,94) (1630,100) (1607,110) (1603,113) (1583,133) (1576,138) (1563,142)
add_way 0xc8 (1563,142) (1561,142) (1555,142) (1550,140) (1545,141) (1535,145) (1503,163) (1496,167)
add_way 0xc9 (1366,47) (1374,52) (1386,52) (1400,60) (1405,61)
add_way 0xca (1058,1125) (1065,1122)
add_way 0xcb (1005,1103) (1010,1104) (1013,1105) (1013,1107) (1018,1112) (1019,1112) (1023,1111) (1028,1110) (1030,1111) (1038,1120) (1041,1120) (1043,1120) (1048,1116) (1050,1116) (1058,1125)
add_way 0xcc (1053,1072) (1056,1061) (1055,1056) (1045,1032) (1047,1025) (1046,1021)
add_way 0xcd (1046,1021) (1044,1019) (1041,1018) (1036,1022) (1031,1025) (1028,1029) (1026,1032) (1023,1036)
add_way 0xce (1091,891) (1072,895) (1062,902) (1055,909) (1050,917) (1042,923) (1031,924) (1021,928)
add_way 0xcf (1021,928) (1013,932) (1009,933) (1006,935) (1003,938) (993,938) (984,939) (978,943) (972,945)
add_way 0xd0 (972,945) (962,951) (959,960) (953,967) (951,973) (943,981) (938,984) (936,987) (936,990) (917,1006) (914,1010)
add_way 0xd1 (1442,746) (1425,736) (1416,732) (1393,731) (1388,732)
add_way 0xd2 (1388,732) (1350,739) (1323,754) (1310,759) (1293,774) (1271,786) (1262,794) (1253,795) (1245,797) (1245,787) (1235,781) (1235,777) (1222,772) (1208,776) (1199,785) (1193,785)
add_way 0xd3 (1193,785) (1193,781) (1189,774) (1186,773) (1182,774) (1168,781) (1153,783) (1144,783) (1135,782) (1125,777) (1123,773) (1125,766) (1124,763)
add_way 0xd4 (1266,1007) (1269,1005) (1273,1003) (1285,992) (1290,987) (1297,981) (1304,980) (1309,978)
add_way 0xd5 (1309,978) (1314,979) (1324,976) (1336,977) (1340,983) (1345,986) (1350,992) (1357,995) (1367,1005) (1370,1015) (1372,1016)
add_way 0xd6 (653,851) (652,851) (650,854) (645,859) (639,865) (634,872) (629,875) (625,877) (623,878)
add_way 0xd7 (1452,746) (1450,749) (1447,751) (1436,755) (1430,757) (1422,760) (1417,761) (1412,761) (1400,764) (1385,770) (1382,772) (1376,780) (1373,784) (1370,786)
add_way 0xd8 (1495,816) (1494,819) (1490,823) (1487,826) (1480,832) (1473,841) (1464,845) (1453,854) (1449,857) (1439,860) (1437,860) (1430,856) (1425,855) (1424,854) (1426,850) (1425,849) (1424,849) (1421,851)
add_way 0xd9 (1490,755) (1486,756) (1483,758) (1480,762) (1477,763) (1473,768) (1471,774) (1469,777) (1465,780) (1459,783) (1455,787) (1448,789)
add_way 0xda (660,949) (660,948) (662,947)
add_way 0xdb (647,947) (648,947) (650,946) (652,946) (654,946) (655,946)
add_way 0xdc (647,948) (647,947)
add_way 0xdd (783,213) (781,212) (778,211) (777,209) (775,208) (771,207) (764,204) (762,202) (759,200) (758,198) (755,193)
add_way 0xde (705,460) (723,456) (756,439) (777,432) (791,426) (815,432) (820,437) (816,449) (818,457) (825,467) (846,477) (859,473) (864,476) (867,483) (872,484) (884,480)
add_way 0xdf (884,480) (896,471) (904,462) (909,454) (927,440) (937,436) (947,434) (958,434) (980,427) (1005,423) (1023,413) (1032,404) (1047,394) (1057,391) (1072,381) (1088,374) (1105,365)
add_way 0xe0 (1105,365) (1136,346) (1143,342) (1159,319)
add_way 0xe1 (1159,319) (1159,318) (1166,307) (1169,294) (1178,273) (1178,265) (1180,255) (1201,227) (1211,207) (1224,193) (1229,183) (1234,175)
add_way 0xe2 (1234,175) (1239,166)
add_way 0xe3 (1239,166) (1241,163) (1257,155) (1265,155) (1273,158) (1276,156)
add_way 0xe4 (1276,156) (1288,145) (1297,132) (1309,121) (1312,114)
add_way 0xe5 (1312,114) (1313,108) (1344,67)
add_way 0xe6 (1344,67) (1355,61) (1366,47)
add_way 0xe7 (509,546) (514,559) (516,563) (518,567) (521,570) (523,572) (527,573) (531,573) (549,570)
add_way 0xe8 (549,570) (561,568) (563,567) (565,566) (566,565) (568,563) (572,557) (576,552) (580,548) (584,543) (587,539) (589,535) (592,532) (596,523) (597,522) (599,521) (600,520) (602,518) (610,515) (618,510)
add_way 0xe9 (680,375) (682,373) (686,366) (689,363)
add_way 0xea (1229,253) (1226,257) (1212,266) (1207,275) (1198,281) (1193,287) (1192,294) (1184,305) (1179,318) (1177,325)
add_way 0xeb (1761,0) (1763,4) (1764,7) (1761,15) (1763,19) (1760,25) (1760,31) (1761,32)
add_way 0xec (1660,112) (1666,111) (1666,116) (1656,123) (1652,130) (1652,136) (1644,149) (1646,156) (1643,168) (1637,173) (1632,183) (1629,186) (1623,187) (1620,193) (1616,197)
add_way 0xed (754,688) (754,686) (758,677) (760,674)
add_way 0xee (760,674) (760,673) (761,668) (760,666) (759,660) (759,655) (762,642) (767,624)
add_way 0xef (767,624) (767,622) (767,618)
add_way 0xf0 (767,618) (765,610) (764,606) (758,601) (747,596) (741,592) (735,592) (720,594) (706,595) (697,596) (695,596) (694,593)
add_way 0xf1 (660,949) (659,948)
add_way 0xf3 (1091,891) (1091,894) (1094,898) (1097,900) (1104,897) (1122,895) (1127,892) (1130,888) (1136,885) (1151,884) (1156,887) (1158,890) (1167,895) (1180,893) (1191,895)
add_way 0xf4 (1221,889) (1224,890) (1228,893) (1230,893) (1242,889) (1249,888) (1261,890)
add_way 0xf6 (810,1148) (808,1145) (804,1144) (795,1136) (788,1135) (788,1130) (783,1126) (778,1123)
add_way 0xf7 (778,1123) (773,1120) (771,1117) (765,1115) (761,1108) (745,1103) (743,1103) (743,1101) (747,1094) (750,1088) (760,1077) (761,1068)
add_way 0xf8 (761,1068) (771,1046) (770,1038) (770,1034) (774,1027) (777,1021)
add_way 0xf9 (777,1021) (779,1019) (785,1013) (796,999) (803,993) (815,982)
add_way 0xfa (815,982) (818,979) (825,972) (829,970) (840,959)
add_way 0xfb (840,959) (863,939) (881,925) (886,919) (930,891) (950,883) (967,871) (1004,869) (1013,866) (1022,868) (1025,873) (1031,875) (1039,873) (1059,874) (1088,883) (1090,886) (1091,889)
add_way 0xfd (98,1148) (99,1142) (99,1137) (98,1132) (98,1125) (97,1121) (97,1119) (99,1114) (105,1102) (106,1097) (108,1092) (108,1089)
add_way 0xfe (108,1089) (110,1076)
add_way 0xff (110,1076) (110,1069) (112,1062) (124,1035) (126,1029) (131,1020) (132,1016) (133,1012) (137,1008) (137,1006) (138,1004) (139,1001) (142,996) (143,990) (145,987) (145,983)
add_way 0x100 (277,1124) (278,1119) (285,1109) (289,1105) (292,1102) (296,1098) (305,1092) (311,1081) (312,1077) (316,1073)
add_way 0x101 (316,1073) (337,1060) (345,1054) (350,1052) (364,1040) (381,1029) (385,1024)
add_way 0x102 (428,997) (446,983) (448,981) (451,976)
add_way 0x103 (451,976) (451,975)
add_way 0x104 (445,974) (444,973) (443,973) (442,974)
add_way 0x105 (428,997) (435,999) (447,997) (454,995) (459,990) (465,987) (469,982)
add_way 0x106 (724,188) (723,188) (722,187) (721,187) (721,186) (721,185) (721,184)
add_way 0x107 (716,106) (715,101) (713,94)
add_way 0x108 (800,726) (802,725) (806,719) (824,705)
add_way 0x109 (580,427) (577,430) (574,438) (566,451) (562,454) (555,462) (546,469) (536,481) (524,488) (513,500) (510,507) (505,508) (498,507) (494,509) (490,511)
add_way 0x10a (490,511) (489,513) (488,514)
add_way 0x10c (948,326) (949,331) (949,334) (949,336)
add_way 0x10d (1263,179) (1264,184) (1265,185) (1264,190) (1261,196) (1260,201) (1256,209) (1246,226) (1244,232) (1229,253)
add_way 0x10e (872,502) (874,500) (875,496) (876,492) (879,489) (880,486) (882,485) (882,485) (883,483) (883,483) (883,482) (884,480)
add_way 0x10f (760,674) (761,673) (762,672) (764,672)
