add_way 0x690fe5 (552,309) (555,310) (565,320) (572,327) (576,332) (578,336) (581,341) (583,347) (584,349)
add_way 0x174935d (419,482) (419,484) (419,486) (421,491)
add_way 0x1a20010 (272,212) (273,214) (272,219) (272,221) (274,223)
add_way 0x1a20013 (340,82) (342,82) (344,82) (345,83) (347,84) (349,87) (351,89) (355,95) (358,100) (360,104) (361,107) (361,110) (363,114) (366,118) (367,119)
add_way 0x0 (367,119) (367,120) (367,121) (367,122) (366,123) (365,123) (365,122) (366,121) (367,119)
add_way 0x1a86c05 (608,186) (608,196) (611,201) (611,210) (620,223) (625,248) (626,249) (659,251) (664,254) (667,263) (667,274) (673,281) (675,297) (679,306)
add_way 0x29784c0 (257,280) (258,279) (258,278)
add_way 0x29784c3 (226,185) (226,184) (228,183)
add_way 0x29784c4 (208,174) (209,173) (214,170) (219,166) (221,165)
add_way 0x29784c5 (182,42) (183,39) (183,38) (186,37) (189,34) (195,28) (199,25) (202,23) (232,19)
add_way 0x8fe592f (340,82) (340,83) (339,84)
add_way 0x8fe5930 (300,66) (300,67) (300,68) (299,69) (299,70)
add_way 0x8fe7842 (493,225) (495,225) (499,225) (502,224) (512,218) (515,216) (518,216) (523,215) (526,215) (531,214) (534,214) (537,215) (543,220) (546,221) (549,221)
add_way 0x8ff582a (258,282) (258,281) (258,281) (258,280) (258,280) (258,280) (257,280)
add_way 0x8ff582b (256,282) (255,281) (255,280) (255,278) (255,277) (255,276)
add_way 0x8ff582e (259,281) (260,281)
add_way 0x8ff582f (256,282) (256,283)
add_way 0x8ff5831 (259,272) (257,274) (255,276)
add_way 0x8ff5832 (259,279) (258,279) (258,279) (257,280)
add_way 0x9d97fb0 (565,109) (569,104) (571,102) (572,102) (574,101) (575,102) (576,101) (579,100) (581,99) (583,100) (585,100) (588,101) (590,100) (593,100) (598,100) (601,99)
add_way 0xb48e23d (479,248) (478,253) (485,268) (484,273) (477,288) (466,303) (464,313) (461,316) (453,319)
add_way 0xc62aec0 (260,281) (260,280)
add_way 0xd00c5c7 (422,255) (415,260) (408,265) (406,267) (405,268) (402,272)
add_way 0x1 (402,272) (402,274) (400,275) (400,274) (400,273) (402,272)
add_way 0xd00c5ca (420,188) (413,183) (413,174) (409,151) (409,145) (412,130) (412,98) (415,79) (411,68) (408,65) (406,60) (412,45) (428,41) (440,36) (455,26)
add_way 0xdd8b589 (494,460) (496,460) (497,459) (497,459) (498,460) (510,466) (518,466) (519,466) (520,464) (523,462)
add_way 0xddb375a (623,158) (609,168)
add_way 0xddb375b (627,184) (625,183) (624,184) (624,185) (622,187) (619,188) (616,188) (612,187) (608,186)
add_way 0xddb375d (622,148) (621,150) (619,150) (617,150) (615,151) (614,152) (613,152) (609,149) (608,150) (607,150) (606,152) (603,155) (602,156) (600,157)
add_way 0xddb375e (615,139) (614,141) (613,142) (612,143) (612,142) (610,142) (609,142) (608,142) (606,143) (605,144) (597,152)
add_way 0xddb3c4d (594,146) (593,149) (592,154) (592,156) (591,160) (590,164) (588,168) (587,171) (585,178) (584,181) (581,187) (576,199) (571,210) (567,220) (564,226) (562,232) (557,242)
add_way 0xddb3ea3 (557,296) (559,295) (561,294) (563,293) (566,292) (567,291) (570,288) (571,286) (571,283) (572,281) (581,271)
add_way 0xddb3f53 (559,202) (558,204) (555,210)
add_way 0xddb3f54 (555,210) (549,212)
add_way 0xddb3f79 (621,136) (619,137) (615,139)
add_way 0xddcc04b (533,166) (557,148)
add_way 0xddcc04c (490,127) (491,126) (500,122) (503,120) (507,118) (509,117) (511,114) (515,111) (518,109) (528,91)
add_way 0xddcda1c (489,126) (490,127)
add_way 0xddcdecf (557,148) (584,126)
add_way 0xddd72d0 (388,485) (387,487) (387,490) (389,491) (391,491) (394,489) (395,487) (400,482) (402,478)
add_way 0xddd72d2 (369,360) (368,361)
add_way 0xde369c8 (402,478) (405,481) (408,482) (412,483) (415,483) (419,482)
add_way 0xde36ba8 (321,536) (319,537)
add_way 0xde3d1f4 (201,466) (196,470) (186,472) (166,483) (163,484) (154,480) (149,479) (123,492) (119,492) (99,485) (91,488) (79,497) (57,495)
add_way 0xde3d1f5 (75,438) (70,445) (68,448) (65,451) (63,455) (63,459) (63,478) (63,481) (57,495)
add_way 0xde3d1fb (151,444) (145,445) (134,435) (147,414) (150,406) (147,397) (147,385)
add_way 0xde3d1fd (50,542) (40,547) (34,549) (26,551) (23,550) (21,548) (20,546)
add_way 0xde3d1fe (147,385) (146,383) (143,382) (142,381) (139,381) (131,383) (130,384) (113,401) (109,404) (105,404) (101,405) (98,408) (80,426) (79,429) (77,431) (75,438)
add_way 0xde3d1ff (57,495) (41,529) (37,537) (32,541) (24,545) (20,546)
add_way 0xde3d201 (20,546) (18,546) (17,546) (15,548) (10,552)
add_way 0xde3d202 (151,444) (152,445) (153,445) (153,445) (153,444) (153,444) (151,444)
add_way 0xeac08c8 (187,72) (186,71) (183,71) (181,71) (179,69) (176,68) (175,66) (173,64) (172,64) (170,63)
add_way 0xeac08c9 (209,56) (205,58) (203,60) (201,63) (199,66) (197,67) (194,68) (192,70) (189,71)
add_way 0xebd04ad (106,273) (106,274) (106,275) (106,276)
add_way 0xf8e308d (272,212) (273,211) (275,208) (277,206) (279,203) (282,200)
add_way 0x124a1f4f (171,232) (167,238) (169,245) (168,250) (163,257) (141,260) (138,259) (137,257)
add_way 0x124a1f55 (171,232) (170,232) (169,231) (168,231) (168,232) (166,232) (165,233) (164,233) (164,233) (163,233) (162,233) (161,233) (160,233) (157,235) (155,237)
add_way 0x124a1f57 (198,204) (196,204) (195,205) (192,206)
add_way 0x124a1f59 (193,213) (192,214) (191,214) (189,214) (187,214) (185,215) (184,215) (183,215) (182,214)
add_way 0x124cea58 (397,539) (390,546) (387,549) (386,550) (384,551) (383,551) (381,551) (379,552)
add_way 0x124cea59 (392,536) (390,536) (388,538)
add_way 0x124cea5a (392,536) (392,535) (392,535) (392,534)
add_way 0x124cea5b (411,526) (407,526) (403,528) (401,528)
add_way 0x124cec17 (462,528) (476,517) (486,507) (491,507) (508,501) (514,501) (520,496) (526,497) (532,506) (537,509) (538,514) (540,517)
add_way 0x124cec18 (478,491) (484,482) (485,480)
add_way 0x124cec19 (478,491) (475,490) (472,488) (470,487) (468,487) (467,488) (465,487)
add_way 0x124fca4c (420,188) (417,189) (411,190) (409,191) (407,191) (405,191) (403,190) (402,189) (401,188) (398,188) (396,189) (389,191) (378,194)
add_way 0x2 (378,194) (377,195) (376,196) (376,196) (375,195) (375,195) (376,195) (376,194) (376,194) (378,194)
add_way 0x12508c27 (228,552) (228,551) (228,549) (228,547) (228,547) (227,544) (226,544) (226,543) (225,543) (224,543) (223,543) (223,544) (222,544) (220,547) (219,548) (218,548) (217,549) (215,549)
add_way 0x12508e0a (262,505) (263,498) (259,492) (248,500) (237,498)
add_way 0x12508e0b (262,505) (259,507) (259,507) (258,507) (256,508) (255,509) (255,509) (254,509) (253,509) (252,509) (251,509) (240,513) (238,513)
add_way 0x19b5edcb (312,542) (313,543) (315,544)
add_way 0x19b5edcd (309,545) (311,545) (312,545) (313,546) (314,548) (314,548) (315,548) (316,548)
add_way 0x19b5f11c (307,548) (305,548) (301,550) (300,550) (297,547) (295,547) (290,552)
add_way 0x3 (257,544) (256,544) (254,547) (251,548) (243,547) (241,548) (236,552)
add_way 0x19ec781e (263,544) (264,543) (266,542)
add_way 0x19ec7a54 (366,362) (366,363)
add_way 0x19ec7a56 (324,448) (323,447) (323,447) (321,446) (317,441)
add_way 0x19ec7a58 (342,394) (341,395) (340,396)
add_way 0x19edcb9d (591,3) (588,0)
add_way 0x19edcb9e (608,91) (607,88) (606,80) (603,74) (598,71) (594,65) (595,56) (593,52) (591,45) (592,37) (590,28) (590,20) (588,15) (591,3)
add_way 0x20cc13da (284,197) (284,195)
add_way 0x20cc28ca (227,306) (223,308) (221,309) (218,311) (217,312) (216,312) (214,313) (213,313) (212,313)
add_way 0x22f3bf6a (411,6) (409,9) (407,12) (406,13) (405,16) (403,17) (403,18)
add_way 0x22f7b409 (196,443) (200,440) (201,438) (203,438) (203,441) (204,442) (207,442) (210,440) (214,437)
add_way 0x22f7b40a (227,306) (220,323) (227,327) (221,346) (223,351) (232,353)
add_way 0x22f7b620 (271,352) (271,356) (272,358) (271,361) (271,363) (271,364)
add_way 0x22f7b621 (266,311) (266,313) (265,315) (265,317) (265,318) (264,320) (264,322)
add_way 0x22f7bd4c (265,406) (268,406)
add_way 0x22f7bd4d (285,362) (285,363) (285,364) (284,367) (284,370) (283,372) (282,373) (282,373) (282,374)
add_way 0x22f7bd4e (267,373) (268,373) (270,373) (273,373) (276,373) (278,374) (279,375) (281,374) (282,374)
add_way 0x22f7bdbf (323,397) (322,398) (320,399) (317,401) (315,403) (315,404) (315,406) (314,408) (310,413) (309,415) (307,417) (306,419) (306,421) (304,423)
add_way 0x22f7cb74 (192,199) (196,196) (199,194) (201,191) (203,187) (204,183) (206,178) (208,174)
add_way 0x22f7cb75 (133,243) (136,243) (139,243) (141,243) (144,241) (146,240) (148,236) (150,234) (152,234) (153,236) (154,237) (155,237)
add_way 0x22f7cb76 (127,218) (129,219) (133,219) (134,220) (135,222) (134,224) (131,226) (129,228) (129,230) (130,231) (131,231)
add_way 0x22f7cb77 (127,218) (129,217) (133,215) (139,214) (141,213) (143,211) (146,209) (151,208) (154,208) (157,206)
add_way 0x22f7cb78 (169,183) (167,184) (165,186) (165,188) (167,190)
add_way 0x22f7cb79 (169,183) (171,183) (173,183) (174,184)
add_way 0x22f7cb7a (157,181) (157,180) (156,180) (155,180) (155,181) (155,182) (156,181) (157,181)
add_way 0x22f7cd88 (196,381) (197,383) (196,387) (197,388) (197,389) (200,392) (201,392) (204,392) (205,392) (209,391) (212,391) (214,391) (217,394) (220,398) (219,400)
add_way 0x22f7ea1c (213,292) (214,290) (215,288) (217,286)
add_way 0x23242eff (362,329) (364,329) (364,331) (364,333) (364,334) (365,336) (365,340) (371,338)
add_way 0x232431d7 (209,258) (215,254) (221,251) (224,249) (226,246) (228,244) (229,244)
add_way 0x232431e0 (255,285) (258,285) (259,286) (261,286) (265,283) (266,282) (270,280) (271,278) (270,277) (269,276) (268,276) (268,273) (267,273)
add_way 0x241a8338 (295,140) (294,140) (292,141)
add_way 0x241a8339 (324,448) (319,452)
add_way 0x2a42c552 (265,406) (269,404) (270,404) (270,406)
add_way 0x2a42c553 (196,443) (195,445) (193,447) (193,448)
add_way 0x2a42c554 (323,397) (325,398) (326,399) (327,399) (329,398)
add_way 0x2a42c555 (282,355) (284,357) (285,358) (284,360) (285,361) (285,362)
add_way 0x2a42c557 (304,423) (306,425) (308,426)
add_way 0x2a45202d (237,299) (236,300) (234,301)
add_way 0x2a45202e (228,304) (228,305)
add_way 0x2a45202f (252,291) (251,291) (250,292) (249,292) (248,293) (246,293) (244,294) (243,295) (241,296) (239,298) (238,299) (237,299)
add_way 0x2a452030 (253,290) (252,291)
add_way 0x2a452031 (253,290) (261,306) (266,309)
add_way 0x2a452032 (254,288) (254,289) (253,290)
add_way 0x2a452033 (264,322) (265,327) (267,332) (267,335) (267,337)
add_way 0x2a452034 (271,352) (273,354) (277,355) (280,354) (282,355)
add_way 0x2a452035 (271,364) (269,365)
add_way 0x2a452037 (263,262) (264,259) (266,255) (268,252) (268,248) (270,246)
add_way 0x2a452038 (229,244) (230,244)
add_way 0x2a452039 (230,244) (234,244) (240,241) (244,240) (248,240) (253,239) (256,236) (267,228) (272,225) (274,223)
add_way 0x2a45203a (213,292) (211,291) (208,287) (208,285) (207,284)
add_way 0x2a45203b (337,397) (340,396)
add_way 0x2a45203c (329,398) (331,398)
add_way 0x2a45203d (331,398) (333,396) (335,396) (337,397)
add_way 0x2a452040 (308,426) (310,430) (313,431) (317,441)
add_way 0x2a452041 (344,384) (345,384)
add_way 0x4 (346,384) (346,385) (345,385) (345,384)
add_way 0x2a452044 (343,399) (340,400) (336,401) (334,402) (331,403)
add_way 0x2a452045 (267,392) (268,391)
add_way 0x2a452046 (266,399) (266,398) (266,397)
add_way 0x2a452047 (266,392) (266,391) (267,390) (266,390)
add_way 0x2a452049 (203,264) (204,263) (205,260)
add_way 0x2a45204a (205,260) (209,258)
add_way 0x2a45204b (203,283) (203,281) (202,272) (201,269) (202,266) (203,264)
add_way 0x2a45204c (207,284) (204,284) (203,283)
add_way 0x2a45204e (259,279) (258,278)
add_way 0x2a45204f (253,275) (253,276) (252,276) (252,276) (252,277) (251,277)
add_way 0x2a452050 (255,285) (254,287) (254,288)
add_way 0x2a452051 (256,283) (256,284) (255,285)
add_way 0x2a452052 (255,276) (254,276)
add_way 0x2a452053 (258,278) (259,276) (258,274) (259,272)
add_way 0x2a452054 (211,307) (211,306) (211,303) (211,302) (211,299) (212,297) (213,293)
add_way 0x2a452056 (234,355) (236,357) (235,360) (232,366) (233,368) (235,371) (236,374)
add_way 0x2a452057 (236,374) (237,378) (238,379) (240,380) (242,381) (243,383) (244,383)
add_way 0x2a452058 (244,383) (246,383) (251,383) (253,383) (254,384)
add_way 0x2a452059 (262,385) (263,387)
add_way 0x2a45205a (214,437) (216,436) (217,433) (219,431)
add_way 0x2a45205b (263,406) (264,403) (266,401) (266,399)
add_way 0x2a45205f (303,465) (298,469) (295,472) (291,480) (289,485) (286,493) (284,495) (280,497) (274,504) (264,513)
add_way 0x2a452060 (319,452) (308,461) (303,465)
add_way 0x2a4567f2 (259,279) (259,280) (260,280)
add_way 0x2a4567f3 (236,265) (237,265)
add_way 0x2a4567f4 (237,265) (238,265)
add_way 0x2a4567f5 (234,266) (234,265)
add_way 0x2a4567f6 (234,265) (235,265) (236,265)
add_way 0x2a4567f8 (217,286) (218,286) (221,285) (224,281) (226,278) (227,276) (230,274) (232,271) (231,269) (232,267) (234,266)
add_way 0x2a4567fa (210,310) (210,308) (211,307)
add_way 0x2a4567fb (211,313) (210,312) (210,311)
add_way 0x2a4567fc (212,313) (211,313)
add_way 0x2a4567fd (232,353) (233,353)
add_way 0x2a4567fe (233,353) (234,355)
add_way 0x2a4567ff (228,305) (227,305) (227,306)
add_way 0x2a456801 (266,389) (266,388) (263,387)
add_way 0x2a456802 (266,390) (266,389)
add_way 0x2a456803 (264,377) (263,379) (262,383) (262,385)
add_way 0x2a456804 (265,376) (264,377)
add_way 0x2a456805 (220,430) (222,429) (227,427) (235,427) (237,425) (240,423) (241,423)
add_way 0x2a456806 (219,431) (220,430)
add_way 0x2a45680a (276,164) (275,163)
add_way 0x2a45680b (274,163) (273,162) (272,161) (270,161)
add_way 0x2a4e1406 (347,382) (345,383) (344,384)
add_way 0x2a4e1407 (284,197) (285,194) (289,191) (291,186) (294,184)
add_way 0x2a4e1408 (279,194) (278,193) (277,192)
add_way 0x2a4e1409 (277,192) (276,192) (275,190) (274,188) (274,187)
add_way 0x2a4e140a (282,150) (280,152) (279,154) (279,156) (278,157) (276,158) (276,158) (274,159) (272,159) (271,160) (270,161)
add_way 0x2a4e140b (281,147) (281,148) (281,149) (282,149) (282,150)
add_way 0x2a4e140c (292,141) (291,141) (288,141) (286,142) (284,142) (283,143) (282,144) (281,144) (281,146) (281,146) (281,147)
add_way 0x2a4e140d (298,129) (297,131) (297,133) (297,136) (297,137) (297,139) (295,140)
add_way 0x2a4e140e (298,127) (298,129)
add_way 0x2a4e62c8 (284,195) (282,195) (279,194)
add_way 0x2a4e62c9 (274,187) (275,186) (273,184) (272,182) (272,182) (273,178) (273,176) (274,175) (275,174) (277,172) (278,170) (279,168) (279,166) (278,165) (277,164) (276,164)
add_way 0x2a4e62cb (270,161) (270,162) (274,163)
add_way 0x2a4e62cc (342,77) (342,78) (341,81) (340,82)
add_way 0x2a4e62cd (343,77) (342,77)
add_way 0x2a4e62ce (353,71) (352,71)
add_way 0x2a4e62cf (352,71) (350,73) (348,72) (343,75) (343,77)
add_way 0x2a4e62d1 (361,65) (360,66)
add_way 0x2a4e62d2 (384,47) (383,49) (380,53) (378,55) (377,57) (373,60) (371,61) (369,64) (368,64) (366,64) (363,65) (362,65) (361,65)
add_way 0x2a4e62d4 (402,21) (402,23) (402,24) (402,25) (402,26) (401,27) (400,28) (397,29) (396,30) (395,31) (393,34) (392,35) (389,36) (388,37) (388,40) (387,41) (384,44) (384,45) (384,47)
add_way 0x2a4e62d5 (402,20) (402,21)
add_way 0x2a4e62d6 (403,19) (402,20)
add_way 0x2a4e62d7 (403,18) (403,19)
add_way 0x2a4e62d8 (266,311) (267,311) (267,311) (268,312) (271,313)
add_way 0x2a4e62d9 (266,309) (266,310) (266,310) (266,311)
add_way 0x2a4e62da (271,313) (272,314)
add_way 0x2a4e62db (272,314) (273,314) (278,317)
add_way 0x2a4e62dd (278,317) (286,317)
add_way 0x2a4e62df (287,317) (289,317) (291,318) (293,320) (294,322) (297,324)
add_way 0x2a4e62e2 (335,324) (336,325)
add_way 0x2a4e62e4 (332,323) (334,324)
add_way 0x2a4e62e5 (317,322) (320,322) (324,321) (327,321) (332,323)
add_way 0x2a4e62e6 (315,323) (317,322)
add_way 0x2a4e62e7 (303,326) (306,326) (311,324) (315,323)
add_way 0x2a4e62e8 (300,326) (303,326)
add_way 0x2a4e62e9 (297,324) (298,325) (298,326) (299,326)
add_way 0x2a4e62ea (299,326) (300,326)
add_way 0x2d5059cb (421,491) (422,492)
add_way 0x2d5059cc (423,524) (419,541) (420,552)
add_way 0x2d5059cd (424,496) (423,496)
add_way 0x2d5059ce (424,496) (427,494)
add_way 0x2d5059d0 (427,501) (429,500) (431,500) (433,499)
add_way 0x2d5059d1 (427,501) (423,503) (420,505)
add_way 0x2d5059d2 (448,447) (449,447) (450,447) (452,445) (454,445) (455,445) (456,445)
add_way 0x2d5059d3 (459,438) (462,440) (463,441) (464,442) (465,442)
add_way 0x2d5059d4 (465,429) (467,430) (469,433) (473,437) (474,438)
add_way 0x2d5059d5 (465,429) (465,430) (467,432) (469,434) (473,438) (473,439)
add_way 0x2d5059d6 (465,429) (463,428) (460,426)
add_way 0x2d5059d7 (466,428) (465,427) (463,425) (463,424) (463,423)
add_way 0x2d5059d8 (485,398) (486,398) (487,399) (486,400)
add_way 0x2d5059d9 (502,386) (503,387) (505,387) (506,386) (507,385)
add_way 0x2d5059da (502,386) (506,383)
add_way 0x2d5059db (501,372) (504,372) (507,371)
add_way 0x2d5059dc (501,372) (499,373) (498,372) (497,372) (494,369) (493,367)
add_way 0x2d5059dd (508,362) (506,362) (504,361) (502,360) (500,359) (499,358) (498,357) (497,352)
add_way 0x2d5059de (517,348) (514,347) (512,347) (512,346)
add_way 0x2d5059df (519,337) (515,341)
add_way 0x2d5059e0 (519,337) (518,337) (518,336) (518,333) (517,332) (516,331) (515,330) (513,329) (512,329) (511,329) (510,331) (508,332) (506,332) (505,332) (503,335) (502,335)
add_way 0x2d5059e2 (523,422) (525,418) (527,416) (529,413) (529,412) (530,411) (536,409) (536,409) (536,406) (536,405) (537,404) (544,403) (545,402) (547,401) (548,400) (552,399)
add_way 0x2d5059e3 (506,439) (505,437) (504,437) (504,434)
add_way 0x2d5059e4 (494,460) (493,462) (492,467) (492,468)
add_way 0x2d5059e6 (376,552) (374,551)
add_way 0x2d505a08 (307,548) (307,549) (307,552)
add_way 0x2d505a0a (368,363) (368,364) (368,365) (367,366) (370,377) (372,389) (371,394) (371,399) (374,408) (374,409)
add_way 0x2da97183 (240,195) (239,196)
add_way 0x2da97184 (239,196) (238,196) (237,197) (236,197) (234,197) (233,196) (232,196)
add_way 0x2da97185 (244,185) (245,184) (246,184) (250,184)
add_way 0x2da97186 (244,185) (244,184) (244,183) (244,182) (243,182)
add_way 0x2da97187 (252,196) (253,196) (257,191)
add_way 0x2da97188 (208,118) (204,125) (191,137) (178,145) (177,147) (188,157) (202,154)
add_way 0x2da97189 (194,119) (192,123) (190,127) (190,128) (189,130)
add_way 0x2da9718a (180,105) (178,105) (175,106) (171,108) (165,111) (156,113) (154,114) (144,113)
add_way 0x2da9718b (208,89) (209,90) (210,90) (212,89) (213,89) (214,89) (215,91) (216,91) (217,91) (219,92) (222,93) (224,94) (224,95) (226,97) (226,98) (226,100) (225,101) (224,102) (223,103) (222,104)
add_way 0x2da9718c (184,77) (183,78) (180,80)
add_way 0x2da9718d (178,100) (178,101) (178,102)
add_way 0x2e411e5a (106,276) (105,277) (104,278) (104,279) (104,281)
add_way 0x2e411e5b (112,275) (116,273) (121,272) (122,272) (125,269)
add_way 0x2e411e5c (112,275) (115,272) (118,268)
add_way 0x2e411e5d (106,273) (107,271) (108,270) (110,269)
add_way 0x2f1c9fcc (374,410) (374,411) (372,417) (372,419) (373,432) (374,434) (376,434) (385,447) (385,449) (384,462) (383,466)
add_way 0x2f1c9fcd (374,409) (374,410)
add_way 0x307240b7 (201,466) (200,468) (203,472) (206,477) (211,484) (211,489) (213,490) (217,488) (225,489) (227,488) (230,490) (231,491) (231,493) (231,494)
add_way 0x307240b8 (237,498) (235,495) (233,494) (231,494)
add_way 0x31ef5d6b (193,443) (191,442) (190,439) (192,437) (193,435) (195,430) (195,426) (194,423) (192,422)
add_way 0x31ef5d6c (192,422) (190,419) (187,417)
add_way 0x31ef5d6d (187,417) (186,415) (185,413) (186,409) (188,407) (189,404) (189,402)
add_way 0x31ef5d6e (189,402) (188,400) (185,399)
add_way 0x31ef5d6f (185,399) (182,399) (180,398)
add_way 0x31ef5d70 (180,398) (178,397) (174,398) (171,399)
add_way 0x31ef5d71 (171,399) (167,398) (167,395) (166,392) (165,388) (166,382) (166,381)
add_way 0x31ef5d72 (166,381) (168,375) (164,372) (166,366) (167,362) (165,359) (161,356) (160,350) (157,344) (156,340) (156,336) (159,332)
add_way 0x31ef5d73 (159,332) (163,329) (165,327) (167,322) (171,320) (174,318) (179,317) (182,316) (187,311) (191,307) (195,305) (196,304) (199,303) (203,304) (205,307) (208,308) (210,310)
add_way 0x31ef64d9 (352,483) (351,480) (348,480) (346,479)
add_way 0x31ef64da (346,479) (345,477) (345,476) (344,475)
add_way 0x31ef64db (324,448) (325,451) (328,452) (329,453) (331,456) (333,459) (332,463) (332,466) (332,470) (333,472) (335,475) (338,476) (341,475) (343,475) (344,475)
add_way 0x31ef64dc (380,466) (380,468) (379,470) (377,472) (377,474) (377,476) (378,477) (379,478) (381,479) (383,480) (385,480) (386,481) (386,482) (387,483) (387,484) (388,485)
add_way 0x31efc3af (196,381) (200,379) (203,377) (206,375) (208,373) (209,372) (212,371) (214,370) (215,368) (215,367) (214,366) (214,364)
add_way 0x3348ae71 (187,72) (186,74) (186,76) (184,77)
add_way 0x3348ae72 (210,84) (212,82)
add_way 0x3348ae73 (206,88) (207,88)
add_way 0x3348ae74 (206,88) (205,89)
add_way 0x3348ae75 (178,102) (180,103) (180,105)
add_way 0x3348ae76 (231,185) (230,186) (230,189)
add_way 0x3348ae77 (230,189) (230,190) (229,192) (229,193)
add_way 0x3348ae78 (237,190) (236,191) (235,191) (234,193) (231,194) (230,194)
add_way 0x3348ae79 (265,203) (267,201) (270,197) (271,195)
add_way 0x3348ae7b (270,246) (277,231)
add_way 0x3348ae7c (259,272) (263,262)
add_way 0x3348ae7e (267,392) (267,393)
add_way 0x34304a87 (601,99) (604,98) (606,97)
add_way 0x34304a88 (606,97) (608,94) (608,91)
add_way 0x34bde31f (347,382) (347,383) (346,384)
add_way 0x5 (403,0) (411,6)
add_way 0x7 (411,6) (417,8) (435,8) (451,17) (453,20) (455,23) (455,26)
add_way 0x8 (455,26) (456,29) (458,31) (461,34) (490,58) (493,60) (498,62) (502,63) (505,64) (508,66) (513,70) (516,76) (518,79) (523,83) (526,87) (528,91)
add_way 0x9 (528,91) (529,92) (550,105) (551,106)
add_way 0xa (551,106) (553,112) (553,131) (557,148)
add_way 0xb (557,148) (557,149) (555,180) (554,185) (551,194) (550,197) (549,212)
add_way 0xc (549,212) (549,221)
add_way 0xd (549,221) (551,232) (557,242)
add_way 0xe (557,242) (559,245) (564,253) (565,258) (565,262) (559,282) (557,296)
add_way 0xf (557,296) (556,299) (555,302) (555,305) (554,307) (552,309)
add_way 0x10 (552,309) (549,313) (527,333) (524,337)
add_way 0x11 (524,337) (521,341) (517,348)
add_way 0x12 (517,348) (508,362)
add_way 0x13 (508,362) (506,365) (501,372)
add_way 0x14 (501,372) (494,383)
add_way 0x15 (494,383) (485,398)
add_way 0x16 (485,398) (466,428)
add_way 0x17 (466,428) (465,429)
add_way 0x18 (465,429) (461,435) (459,438)
add_way 0x19 (459,438) (454,443) (448,447)
add_way 0x1a (448,447) (440,453) (437,456) (430,465) (427,470) (423,474) (421,477) (419,480) (419,482)
add_way 0x1b (260,0) (253,2) (250,3) (245,5) (242,7) (237,12) (232,19)
add_way 0x1c (232,19) (224,32) (221,38) (218,42) (214,46) (212,50) (211,51) (209,54) (209,56)
add_way 0x1d (209,56) (208,58) (209,61) (209,63) (210,64) (210,64) (212,66) (215,67) (216,68) (217,70) (217,72) (217,75) (217,76) (216,78) (213,83) (208,89)
add_way 0x1e (208,89) (207,91)
add_way 0x1f (207,91) (206,93) (206,94) (205,97) (204,100) (203,101) (201,103) (199,106) (197,108) (194,117)
add_way 0x20 (194,117) (194,119)
add_way 0x21 (194,119) (194,121) (194,123) (196,126) (199,129) (203,136) (206,141) (209,143) (211,145) (212,147) (215,153) (220,159) (220,160) (220,162) (221,165)
add_way 0x22 (221,165) (220,172) (221,174) (221,176) (228,183)
add_way 0x23 (228,183) (229,184) (231,185)
add_way 0x24 (231,185) (234,187) (236,188) (236,190)
add_way 0x25 (236,190) (237,190)
add_way 0x26 (237,190) (238,193) (239,194) (240,195)
add_way 0x27 (240,195) (242,195) (247,196) (252,196)
add_way 0x28 (252,196) (257,197) (259,198) (261,200) (263,202) (265,203)
add_way 0x29 (265,203) (266,205) (268,209) (269,210) (272,212)
add_way 0x2b (294,0) (294,9) (290,18) (290,22) (295,28) (304,33) (306,39) (300,55) (300,66)
add_way 0x2d (300,66) (304,65) (307,65) (309,65) (311,66) (313,67) (317,67) (321,67) (322,67) (325,68) (328,70) (331,72) (331,73) (334,77) (335,80) (337,81) (339,82) (340,82)
add_way 0x2e (551,106) (553,106) (556,107) (561,108) (565,109)
add_way 0x2f (565,109) (568,110) (582,123) (583,125) (584,126)
add_way 0x30 (584,126) (589,136) (594,146)
add_way 0x31 (594,146) (595,148) (597,152)
add_way 0x32 (597,152) (600,157)
add_way 0x33 (600,157) (606,164) (609,167) (609,168)
add_way 0x34 (609,168) (610,168) (611,170) (611,174) (608,186)
add_way 0x35 (130,239) (131,237) (131,234) (131,231)
add_way 0x37 (131,231) (132,230) (134,229) (139,227) (147,224) (149,222) (152,219) (154,216) (155,211) (156,208) (157,206)
add_way 0x38 (157,206) (157,205) (163,195) (165,191) (167,190)
add_way 0x39 (167,190) (170,187) (174,184)
add_way 0x3a (174,184) (175,183) (181,183) (183,183) (185,183) (193,184) (196,184) (199,183) (201,181) (204,177) (207,175) (208,174)
add_way 0x3c (368,267) (367,265) (372,256) (387,242) (393,239) (396,240) (422,255)
add_way 0x3d (422,255) (425,256) (435,256) (444,257) (445,257) (447,256) (453,254) (465,249) (468,248) (470,248) (473,248) (477,248) (479,248)
add_way 0x3e (479,248) (480,245) (481,244) (483,241) (485,238) (487,233) (490,229) (492,226) (493,225)
add_way 0x3f (257,280) (257,281) (256,281) (256,282)
add_way 0x41 (256,282) (257,282) (257,282) (258,282)
add_way 0x43 (258,282) (259,281)
add_way 0x44 (267,273) (275,260) (271,254) (273,243) (278,233) (277,231)
add_way 0x46 (277,231) (277,230) (278,228) (277,228) (276,226) (274,224) (274,224) (274,223)
add_way 0x48 (230,303) (229,303) (229,302) (229,302) (228,303) (228,303) (228,304)
add_way 0x4a (584,349) (592,356) (596,364) (597,371) (596,380) (592,392) (592,412) (585,422) (555,434) (542,426) (526,427) (523,422)
add_way 0x4b (523,422) (520,427) (517,429) (514,433) (509,437) (506,439)
add_way 0x4c (506,439) (504,440) (503,442) (500,446) (495,452) (494,455) (494,457) (494,460)
add_way 0x4d (615,129) (615,134) (615,137) (615,138) (615,139)
add_way 0x4f (566,214) (563,214) (561,212) (557,210) (555,210)
add_way 0x50 (485,161) (486,152) (485,149) (486,146) (485,144) (484,141) (485,132) (486,130) (488,128) (490,127)
add_way 0x51 (389,483) (388,485)
add_way 0x52 (362,329) (363,329) (364,329) (366,328) (366,328) (367,329) (368,329) (370,332) (371,335) (371,338)
add_way 0x53 (371,338) (371,344) (371,348) (371,348) (370,349) (370,353) (369,358) (369,360)
add_way 0x54 (346,531) (349,527) (349,524) (348,519) (347,511) (347,509) (347,507) (350,499) (351,496) (351,493) (351,486) (351,484) (352,483)
add_way 0x55 (352,483) (352,482) (357,477) (362,474) (375,468) (380,466)
add_way 0x56 (380,466) (381,466) (383,466)
add_way 0x57 (383,466) (385,466) (390,467) (393,469) (402,478)
add_way 0x58 (73,436) (75,438)
add_way 0x5b (53,254) (55,256) (57,260) (61,264) (63,266) (65,266) (71,266) (75,268) (78,269) (83,272) (85,272) (88,273) (90,272) (91,271) (92,271) (94,271) (96,271) (100,273) (106,273)
add_way 0x5d (226,185) (215,192) (212,196) (203,200) (198,204)
add_way 0x5e (198,204) (198,205) (198,206) (198,207) (197,208) (196,211) (195,212) (194,213) (193,213)
add_way 0x5f (193,213) (187,220) (186,221) (185,222) (183,223) (183,224) (181,225) (179,226) (178,228) (177,229) (175,229) (173,231) (171,232)
add_way 0x60 (423,524) (421,525) (419,525) (414,525) (411,526)
add_way 0x61 (411,526) (401,534) (397,539)
add_way 0x62 (397,539) (394,537) (392,536)
add_way 0x63 (440,552) (441,550) (444,547) (451,541) (456,538) (458,536) (459,534) (462,528)
add_way 0x64 (462,528) (464,525) (465,522) (466,520) (468,510) (469,507) (471,504) (471,502) (478,491)
add_way 0x66 (493,225) (487,213) (486,211) (485,210) (473,202) (469,200) (467,199) (454,197) (452,196) (451,195) (444,189) (440,187) (435,184) (433,184) (432,184) (430,184) (428,185) (420,188)
add_way 0x68 (257,544) (257,543) (258,542) (258,541) (258,538) (258,536) (258,535) (258,534) (259,533) (260,530) (262,526) (263,525) (263,523) (264,521) (264,520) (264,516) (264,514) (264,513)
add_way 0x69 (264,513) (264,511) (262,505)
add_way 0x6a (324,526) (322,527) (321,529) (319,531) (318,532) (318,534) (318,535) (318,536) (319,537)
add_way 0x6b (319,537) (318,538) (315,540) (313,542) (312,542)
add_way 0x6c (312,542) (311,543) (309,545)
add_way 0x6d (309,545) (308,546) (308,547) (307,548)
add_way 0x6e (273,552) (272,551) (271,546) (270,545) (263,544)
add_way 0x6f (263,544) (260,544) (258,543) (257,544)
add_way 0x70 (369,360) (366,362)
add_way 0x71 (282,200) (284,197)
add_way 0x72 (192,444) (193,443)
add_way 0x73 (193,443) (194,442) (196,443)
add_way 0x75 (263,406) (265,406)
add_way 0x76 (116,226) (118,223) (121,222) (125,221) (127,219) (127,218)
add_way 0x77 (157,181) (159,181) (162,182) (164,182) (167,182) (169,183)
add_way 0x78 (147,385) (157,377) (160,377) (168,383) (180,375) (187,373) (192,380) (196,381)
add_way 0x79 (213,293) (213,292)
add_way 0x7a (285,362) (287,362) (290,361) (293,361) (300,359) (306,358) (317,358) (326,357) (333,358) (340,360) (348,362) (356,362) (363,362) (366,362)
add_way 0x7b (344,384) (343,386)
add_way 0x7c (343,386) (342,388) (342,392) (342,394)
add_way 0x7d (342,394) (343,399)
add_way 0x7e (343,399) (341,410) (340,415) (337,422) (331,431) (330,434) (329,439) (325,447) (324,448)
add_way 0x7f (282,374) (298,373) (305,379) (319,380) (317,391) (323,394) (323,397)
add_way 0x80 (238,265) (239,268) (242,270) (243,272) (244,273) (246,273) (251,275) (253,275)
add_way 0x81 (270,406) (272,406) (272,408) (272,410) (272,413) (277,417) (281,416) (288,418) (294,415) (298,416) (301,418) (303,420) (304,423)
add_way 0x82 (268,406) (270,406)
add_way 0x83 (234,301) (232,302) (231,302) (230,303)
add_way 0x84 (230,303) (229,304) (228,304)
add_way 0x86 (267,337) (268,337) (268,340) (269,345) (269,347) (269,349) (270,350) (271,352)
add_way 0x87 (269,365) (267,368) (266,371) (267,371) (267,373)
add_way 0x88 (267,373) (266,374) (265,376)
add_way 0x8a (345,384) (346,384)
add_way 0x8b (343,386) (341,385) (340,386)
add_way 0x8c (266,392) (267,392)
add_way 0x8d (266,397) (266,396) (266,396) (266,394) (266,393)
add_way 0x8e (266,393) (266,392)
add_way 0x8f (254,276) (253,275)
add_way 0x90 (258,278) (255,276)
add_way 0x93 (254,384) (255,384) (258,383) (260,385) (262,385)
add_way 0x94 (241,423) (244,423) (246,421) (247,420) (246,419) (246,417) (247,415) (249,414) (251,413) (254,409) (257,406) (258,406) (259,407) (262,405) (263,406)
add_way 0x96 (267,273) (266,274) (265,275) (264,276) (263,276) (262,277) (259,279)
add_way 0x98 (210,311) (210,310)
add_way 0x9a (275,163) (274,163)
add_way 0x9c (368,363) (366,363)
add_way 0x9e (366,363) (359,371) (351,379) (347,382)
add_way 0xa2 (339,84) (337,89) (331,94) (327,99) (316,108) (309,118) (301,122) (298,127)
add_way 0xa4 (360,66) (359,66) (356,69) (353,71)
add_way 0xa7 (286,317) (287,317)
add_way 0xa8 (336,325) (338,326) (344,326) (348,329) (352,329) (356,330) (358,330) (361,329) (362,329)
add_way 0xa9 (334,324) (335,324)
add_way 0xaa (422,492) (423,494) (424,496) (424,496)
add_way 0xab (424,496) (425,497) (427,501)
add_way 0xac (427,501) (427,506) (427,511) (423,524)
add_way 0xad (494,383) (496,383) (502,386)
add_way 0xae (524,337) (523,336) (521,336) (520,337) (519,337)
add_way 0xaf (368,361) (368,363)
add_way 0xb0 (236,190) (238,189) (240,188) (244,185)
add_way 0xb1 (194,117) (193,117) (192,117) (191,116) (189,114) (187,112) (184,108) (181,105) (180,105)
add_way 0xb2 (106,276) (108,276) (109,276) (112,275)
add_way 0xb3 (194,448) (196,449) (199,452) (202,456) (206,459) (201,466)
add_way 0xb4 (189,71) (187,72)
add_way 0xb5 (207,91) (207,90) (207,90) (207,88)
add_way 0xb6 (207,88) (208,87) (210,84)
add_way 0xb7 (210,84) (208,85) (207,85) (207,86) (206,88)
add_way 0xb8 (272,212) (272,213) (271,213)
add_way 0xb9 (266,393) (267,392)
add_way 0xba (267,392) (267,393)
add_way 0xbb (267,393) (267,394)
