add_area 23860664 'peuranta'  (522,30) (518,29) (507,32) (502,30) (502,25) (500,21) (495,17) (489,20) (487,19) (484,21) (481,19) (478,19) (478,20) (487,23) (490,26) (489,29) (491,35) (492,35) (493,36) (490,37) (491,40) (495,53) (500,54) (502,56) (501,58) (503,59) (506,58) (506,56) (507,53) (510,51) (514,50) (519,52) (527,52) (527,54) (524,57) (520,58) (518,60) (521,63) (526,64) (530,60) (539,56) (542,53) (545,55) (552,53) (559,47) (560,43) (558,38) (550,36) (542,33) (534,33) (530,34) (527,36) (525,36) (524,33) (522,30)
add_area 25211642 'pulesjarvi'  (566,338) (561,335) (558,337) (558,326) (553,319) (549,318) (547,324) (529,335) (509,374) (512,383) (477,415) (473,426) (477,440) (440,457) (436,471) (422,491) (424,494) (428,496) (447,492) (462,484) (471,478) (462,472) (469,467) (489,472) (494,487) (502,485) (504,479) (512,476) (504,498) (511,497) (514,500) (521,493) (534,470) (523,464) (504,474) (499,473) (491,469) (490,455) (483,447) (498,438) (499,432) (507,428) (518,412) (536,400) (539,391) (540,397) (544,399) (556,396) (565,409) (566,419) (579,413) (573,392) (573,355) (570,354) (571,340) (566,338)
add_area 26813682 'vaha-lumooja'  (171,64) (169,63) (166,67) (168,75) (166,77) (160,76) (157,73) (156,75) (161,79) (157,94) (161,98) (161,103) (167,106) (179,99) (186,91) (182,87) (183,79) (179,82) (177,81) (179,79) (184,76) (186,73) (178,71) (171,64)
add_area 26813727 'iso paivajarvi'  (0,295) (8,302) (19,308) (23,306) (18,299) (21,293) (20,291) (23,291) (27,288) (31,288) (33,289) (36,297) (31,304) (31,305) (45,299) (49,304) (56,305) (65,311) (79,306) (84,295) (88,294) (89,297) (98,297) (109,288) (109,286) (101,287) (100,283) (96,281) (97,276) (93,277) (84,286) (81,295) (76,298) (73,296) (71,298) (70,303) (64,304) (63,301) (68,296) (56,292) (60,287) (53,284) (54,280) (56,277) (57,272) (62,268) (60,265) (57,266) (57,263) (55,260) (56,258) (52,255) (45,265) (40,266) (29,273) (26,273) (18,283) (11,282) (7,275) (0,275) (0,295)
add_area 27360524 'harvia'  (627,136) (627,138) (626,142) (626,146) (629,152) (631,162) (635,166) (634,177) (635,183) (631,190) (632,190) (631,192) (632,193) (631,194) (631,195) (630,197) (632,197) (634,198) (638,197) (641,195) (641,194) (643,195) (645,193) (647,187) (647,183) (648,179) (645,173) (641,163) (639,159) (638,156) (638,152) (638,147) (636,144) (636,138) (637,136) (636,129) (632,127) (630,128) (628,133) (627,136)
add_area 27360553 'lassijarvi'  (525,160) (522,158) (521,156) (518,155) (515,154) (513,155) (511,155) (509,157) (508,159) (506,162) (507,164) (514,171) (517,171) (520,172) (520,174) (521,178) (523,180) (528,181) (531,184) (533,185) (535,186) (535,185) (535,183) (535,181) (533,179) (531,175) (530,174) (529,173) (528,173) (528,171) (527,170) (527,167) (527,167) (527,166) (527,163) (525,160)
add_area 43484353 'kintulammi'  (253,277) (243,274) (236,267) (233,268) (232,273) (228,276) (224,283) (217,287) (215,291) (216,295) (212,302) (213,306) (211,311) (214,312) (217,309) (224,306) (227,301) (237,299) (254,283) (253,277)
add_area 150817441 'haukilammi'  (223,212) (225,211) (225,210) (225,210) (226,208) (227,206) (230,204) (231,202) (232,200) (232,198) (232,196) (231,195) (230,194) (229,193) (228,193) (226,194) (225,194) (223,197) (223,200) (223,201) (222,202) (222,204) (222,205) (222,208) (222,209) (221,210) (222,211) (222,212) (222,212) (223,212)
add_area 150817444 'ruutana'  (320,249) (326,245) (327,249) (333,259) (335,265) (340,267) (346,265) (345,259) (342,254) (330,246) (329,242) (334,229) (330,226) (328,225) (317,238) (317,248) (320,249)
add_area 150880959 'sarkijarvi'  (166,208) (167,209) (170,210) (174,211) (176,211) (179,211) (180,210) (182,209) (183,209) (184,209) (186,209) (187,208) (188,207) (188,205) (189,204) (189,203) (189,203) (189,201) (189,200) (189,199) (190,198) (191,196) (192,195) (193,194) (193,192) (194,190) (194,189) (193,188) (192,188) (190,188) (189,188) (187,188) (186,188) (184,188) (182,189) (180,190) (180,190) (179,191) (177,192) (177,193) (176,193) (175,194) (175,194) (173,195) (171,196) (171,197) (170,198) (170,198) (169,198) (169,199) (169,200) (168,201) (167,202) (166,203) (166,204) (165,204) (165,204) (164,205) (164,205) (164,206) (166,208)
add_area 150886707 '-'  (284,139) (284,139) (285,139) (285,139) (286,138) (286,138) (286,137) (287,137) (287,137) (287,136) (286,136) (286,137) (285,137) (285,137) (285,136) (285,136) (284,136) (284,136) (284,135) (283,135) (283,135) (282,135) (282,136) (282,136) (281,136) (281,137) (281,138) (281,138) (282,138) (282,139) (283,139) (283,139) (284,139)
add_area 150886708 'rajasaari'  (253,162) (253,162) (253,163) (253,163) (253,163) (254,162) (254,163) (254,163) (254,163) (255,163) (255,163) (255,163) (256,162) (256,162) (256,162) (256,162) (257,161) (257,161) (257,161) (257,161) (257,161) (257,161) (257,161) (257,160) (257,160) (257,160) (257,160) (256,160) (256,160) (255,161) (255,160) (255,160) (255,160) (255,160) (254,160) (254,160) (253,161) (253,162) (253,162) (253,162)
add_area 150888612 'kaulamoinen'  (190,457) (195,457) (196,454) (195,449) (188,446) (187,443) (188,439) (192,435) (194,428) (193,423) (187,424) (184,413) (187,406) (188,402) (184,400) (179,402) (176,398) (170,400) (167,405) (160,411) (154,414) (152,417) (153,419) (156,419) (171,409) (176,413) (176,424) (183,432) (186,454) (190,457)
add_area 200201223 'kiikkisjarvi'  (579,251) (578,249) (576,247) (574,246) (575,243) (576,240) (579,238) (581,233) (581,230) (581,227) (579,226) (577,226) (574,228) (573,231) (570,234) (570,235) (568,236) (567,237) (567,239) (568,243) (570,246) (572,250) (573,251) (575,254) (575,257) (574,260) (575,263) (576,267) (579,270) (581,271) (582,272) (583,273) (587,274) (588,274) (591,274) (592,274) (594,274) (596,274) (598,273) (598,271) (598,269) (596,268) (596,264) (595,261) (592,255) (589,253) (588,254) (585,253) (581,253) (579,251)
add_area 233035625 'perajarvi'  (136,497) (131,498) (124,512) (122,525) (115,536) (115,537) (111,538) (103,540) (103,548) (105,549) (115,548) (120,552) (120,552) (133,552) (134,541) (140,531) (144,527) (149,524) (150,521) (147,519) (146,515) (147,511) (143,510) (138,509) (136,506) (139,501) (136,497)
add_area 233035626 'iso kolujarvi'  (212,504) (214,517) (216,519) (211,525) (214,534) (209,543) (210,548) (214,548) (217,545) (216,541) (217,539) (223,537) (226,539) (229,536) (229,527) (233,517) (232,514) (226,513) (219,507) (220,501) (218,496) (212,495) (210,498) (210,504) (212,504)
add_area 233035627 'pieni kolujarvi'  (252,513) (249,513) (244,515) (244,517) (244,522) (244,525) (242,528) (245,530) (248,529) (253,525) (254,524) (253,522) (253,515) (252,513)
add_area 233036254 'pieni koiralammi'  (80,337) (79,341) (78,347) (80,349) (83,347) (84,344) (83,338) (80,337)
add_area 233036255 'rajalammi'  (88,365) (85,369) (83,374) (83,386) (89,387) (94,383) (96,377) (93,372) (92,366) (88,365)
add_area 586662419 'keltolammi'  (363,456) (364,456) (365,457) (365,459) (366,460) (368,461) (369,461) (370,461) (372,460) (372,459) (372,457) (373,456) (372,455) (372,454) (372,453) (372,453) (374,450) (374,449) (374,448) (374,447) (372,445) (370,444) (368,443) (368,441) (367,440) (366,441) (366,441) (365,441) (363,443) (362,443) (362,443) (361,445) (360,447) (360,448) (360,449) (360,449) (361,451) (361,452) (362,453) (363,453) (363,454) (363,455) (363,456)
add_area 586662422 'kaukaloinen'  (293,426) (293,427) (294,428) (295,429) (297,428) (299,428) (299,427) (300,426) (300,425) (300,424) (299,423) (297,422) (296,423) (295,424) (293,425) (293,426)
add_area 633073034 'saapaslammi'  (361,166) (369,165) (371,164) (372,163) (372,162) (371,161) (370,162) (369,162) (368,163) (365,163) (364,163) (362,163) (360,162) (359,161) (359,159) (359,158) (359,157) (358,156) (357,156) (356,157) (355,157) (354,158) (352,159) (351,159) (350,160) (350,161) (350,162) (351,163) (361,166)
add_area 25211650 'pulesjarvi'  (419,495) (415,497) (411,498) (400,511) (400,514) (397,516) (393,516) (386,523) (385,525) (382,528) (382,528) (374,533) (366,542) (362,546) (357,545) (354,547) (350,547) (349,545) (347,541) (344,540) (342,537) (344,533) (346,529) (347,525) (345,524) (344,525) (341,526) (338,529) (333,530) (332,527) (330,527) (329,527) (326,532) (324,538) (322,544) (324,546) (323,551) (323,552) (371,552) (372,550) (374,548) (378,548) (381,543) (383,542) (384,536) (390,531) (393,529) (405,520) (406,518) (415,513) (416,511) (415,509) (414,509) (417,506) (417,503) (420,502) (420,500) (422,499) (423,497) (423,496) (421,492) (421,492) (419,495)
add_area 150817442 '-'  (228,295) (228,295) (229,295) (229,295) (229,295) (230,295) (230,295) (230,295) (230,295) (231,295) (231,295) (231,295) (231,295) (231,295) (231,295) (231,295) (231,295) (231,295) (231,294) (231,294) (231,294) (231,294) (231,294) (230,294) (230,294) (230,294) (230,294) (230,294) (230,294) (229,293) (229,294) (229,294) (228,294) (228,294) (228,294) (228,294) (228,295) (228,295) (228,295) (228,295) (228,295)
add_area 26813637 'saarijarvi'  (232,146) (230,147) (229,152) (230,160) (229,168) (235,174) (235,176) (240,179) (244,179) (247,180) (250,178) (254,178) (255,184) (263,186) (269,194) (273,195) (275,192) (271,188) (268,182) (272,174) (278,169) (278,166) (275,164) (272,165) (270,162) (268,162) (269,158) (267,158) (268,157) (276,157) (278,153) (282,150) (272,147) (267,147) (263,152) (258,155) (241,152) (240,150) (235,150) (232,146)
add_area 150886706 '-'  (262,156) (262,156) (262,156) (263,156) (263,156) (263,156) (263,156) (263,156) (263,155) (263,155) (263,155) (262,155) (262,155) (262,155) (262,156) (261,156) (261,156) (262,156)
add_area 150886705 '-'  (263,160) (263,160) (263,160) (263,160) (264,160) (264,160) (264,160) (264,159) (264,159) (264,159) (263,159) (263,159) (263,159) (263,160) (263,160) (263,160)
add_area 150894660 'kortejarvi'  (358,309) (361,313) (359,320) (361,323) (367,315) (377,296) (377,291) (374,287) (372,286) (375,277) (380,270) (386,264) (386,261) (375,263) (368,274) (368,281) (367,285) (360,285) (356,300) (358,309)
add_area 150894662 '-'  (380,266) (380,265) (381,264) (381,263) (380,263) (380,263) (379,263) (378,263) (377,264) (377,265) (377,266) (378,266) (379,266) (380,266)
add_area 26813632 'pitkajarvi'  (0,177) (8,176) (5,189) (8,190) (21,187) (23,193) (21,199) (26,209) (32,206) (32,200) (40,204) (45,200) (47,209) (56,212) (59,216) (54,223) (47,228) (41,228) (42,242) (39,244) (44,244) (56,239) (59,236) (58,233) (71,228) (72,225) (77,224) (83,233) (88,234) (92,232) (90,240) (94,239) (101,245) (101,248) (89,250) (87,253) (90,255) (112,255) (111,262) (120,266) (128,264) (128,262) (132,260) (131,254) (136,247) (123,242) (124,232) (106,235) (101,228) (86,220) (88,208) (82,207) (77,211) (69,205) (68,202) (59,196) (57,190) (53,189) (53,186) (48,183) (50,176) (41,180) (31,177) (16,162) (16,159) (10,159) (6,154) (0,152) (0,177)
add_area 589573891 'kintulammin luonnonsuojelualue'  (358,436) (362,436) (365,441) (368,439) (375,448) (373,455) (378,457) (363,536) (349,545) (362,546) (397,516) (411,498) (426,488) (436,471) (436,466) (404,427) (439,397) (420,377) (374,348) (381,323) (378,320) (390,291) (379,293) (369,315) (361,323) (361,313) (356,302) (360,285) (367,283) (336,283) (347,262) (344,255) (369,225) (352,216) (376,162) (361,166) (328,162) (376,97) (388,66) (303,162) (282,161) (395,48) (401,29) (398,19) (252,154) (258,155) (272,147) (282,150) (268,162) (278,166) (268,184) (275,193) (238,235) (210,219) (167,274) (133,257) (129,262) (142,267) (127,286) (109,288) (100,296) (131,320) (159,282) (247,409) (188,444) (197,452) (254,417) (295,472) (276,487) (287,513) (312,495) (333,530) (344,525) (346,513) (329,512) (358,436)
add_subarea_to_area 150894662 150894660
add_subarea_to_area 150817444 589573891
add_subarea_to_area 150886708 26813637
add_subarea_to_area 150817442 43484353
add_subarea_to_area 150886705 26813637
add_subarea_to_area 586662422 589573891
add_subarea_to_area 150886706 26813637
add_subarea_to_area 150886707 589573891
add_subarea_to_area 43484353 589573891
