add_area 25059352 'pohtionjarvi'  (1213,868) (1212,871) (1214,874) (1218,873) (1219,874) (1220,886) (1221,885) (1222,885) (1225,881) (1222,872) (1224,871) (1224,868) (1232,858) (1231,855) (1247,836) (1249,833) (1248,830) (1250,826) (1250,822) (1257,812) (1260,806) (1259,803) (1256,803) (1252,807) (1249,814) (1248,818) (1244,822) (1241,829) (1236,833) (1233,839) (1227,844) (1215,859) (1212,862) (1206,865) (1199,871) (1195,872) (1188,876) (1186,878) (1184,882) (1184,884) (1189,883) (1190,882) (1195,881) (1200,877) (1205,872) (1209,871) (1211,868) (1213,868)
add_area 25059364 '-'  (997,838) (1014,825) (1025,820) (1017,820) (1016,817) (1022,812) (1033,811) (1048,805) (1056,806) (1057,804) (1056,799) (1050,800) (1050,798) (1041,795) (1046,792) (1052,794) (1058,789) (1064,790) (1078,781) (1079,774) (1096,764) (1095,759) (1098,756) (1108,755) (1116,751) (1098,750) (1092,746) (1088,747) (1068,758) (1061,759) (1048,772) (1032,781) (1023,783) (984,799) (981,803) (976,805) (976,803) (984,793) (979,794) (959,803) (958,805) (951,806) (928,821) (926,817) (907,818) (901,822) (867,829) (862,832) (861,835) (863,838) (869,834) (876,837) (871,845) (871,847) (876,847) (889,837) (896,838) (898,834) (903,834) (909,831) (913,825) (933,828) (940,825) (950,826) (947,833) (954,837) (954,839) (943,848) (997,838)
add_area 39230600 'kankijarvi'  (839,922) (837,922) (835,925) (833,927) (833,928) (833,928) (836,928) (837,928) (837,928) (834,929) (831,930) (830,931) (828,935) (827,936) (827,936) (824,941) (822,942) (819,944) (818,944) (816,944) (815,942) (814,943) (811,946) (809,949) (808,949) (806,951) (807,952) (806,953) (804,954) (799,959) (799,961) (801,966) (803,966) (802,968) (802,968) (803,968) (804,967) (807,966) (810,963) (812,961) (813,960) (816,957) (822,953) (824,951) (831,946) (832,945) (833,945) (834,944) (839,939) (841,937) (843,933) (847,929) (850,927) (854,924) (855,923) (854,922) (852,922) (849,921) (847,921) (846,920) (846,921) (842,922) (840,922) (839,922)
add_area 39230982 'iso helvetinjarvi'  (523,992) (526,994) (543,988) (547,989) (562,984) (574,977) (576,975) (597,967) (600,964) (608,965) (616,960) (634,957) (643,951) (645,946) (655,945) (659,942) (658,940) (655,939) (646,943) (625,946) (610,950) (594,956) (586,958) (565,966) (556,973) (542,975) (534,978) (527,983) (504,992) (498,998) (497,1004) (492,1007) (477,1020) (450,1038) (444,1044) (435,1051) (432,1051) (432,1048) (427,1050) (423,1056) (415,1057) (407,1064) (391,1088) (375,1105) (367,1119) (368,1121) (396,1107) (401,1107) (404,1110) (408,1109) (407,1103) (413,1100) (418,1093) (421,1090) (425,1090) (432,1085) (433,1077) (436,1071) (448,1059) (454,1056) (458,1050) (465,1044) (466,1041) (478,1028) (480,1023) (493,1011) (507,1005) (511,1002) (517,994) (523,992)
add_area 39233073 'pikku helvetinjarvi'  (702,917) (703,918) (705,918) (706,917) (707,916) (711,915) (716,913) (718,912) (720,910) (720,909) (720,908) (719,908) (717,909) (716,909) (713,909) (710,912) (706,913) (703,915) (702,917)
add_area 39233075 'pitka helvetinjarvi'  (760,894) (768,892) (777,887) (787,879) (791,876) (793,874) (794,872) (796,870) (798,869) (800,868) (800,865) (798,865) (796,866) (792,869) (789,872) (788,873) (786,874) (774,880) (770,880) (766,880) (763,883) (760,886) (755,889) (751,893) (748,895) (745,897) (741,897) (740,899) (739,899) (735,900) (733,900) (729,903) (727,905) (726,907) (727,908) (730,908) (733,907) (736,907) (739,906) (741,905) (749,898) (753,897) (760,894)
add_area 81024225 'ruokejarvet'  (1314,243) (1311,243) (1295,257) (1292,261) (1290,265) (1295,271) (1297,271) (1298,271) (1301,270) (1309,270) (1314,272) (1318,271) (1322,273) (1324,273) (1327,273) (1330,275) (1332,269) (1337,265) (1338,260) (1336,259) (1335,253) (1333,253) (1334,250) (1333,249) (1332,249) (1335,245) (1335,243) (1333,243) (1332,242) (1335,238) (1332,235) (1330,234) (1327,234) (1322,235) (1319,237) (1314,243)
add_area 81024230 'ruokejarvet'  (1300,247) (1302,243) (1304,235) (1305,235) (1306,234) (1304,233) (1301,234) (1297,233) (1295,232) (1292,233) (1290,233) (1285,236) (1279,241) (1278,241) (1276,243) (1273,242) (1268,240) (1271,239) (1274,239) (1276,238) (1279,235) (1279,229) (1272,227) (1264,239) (1257,246) (1254,247) (1252,246) (1250,247) (1248,247) (1242,250) (1242,251) (1244,252) (1243,257) (1229,261) (1227,263) (1226,265) (1227,267) (1226,270) (1223,275) (1222,279) (1217,282) (1218,283) (1215,284) (1215,286) (1218,288) (1220,286) (1221,287) (1220,288) (1222,289) (1230,288) (1237,281) (1239,278) (1242,277) (1248,272) (1250,269) (1255,265) (1259,264) (1262,263) (1267,259) (1269,256) (1276,253) (1279,253) (1282,252) (1289,254) (1291,253) (1291,251) (1300,247)
add_area 81102797 'niitoslammit'  (1068,408) (1065,410) (1064,412) (1067,413) (1066,415) (1067,414) (1068,415) (1067,417) (1067,419) (1071,418) (1071,416) (1076,413) (1075,412) (1068,408)
add_area 81102798 'salmijarvi'  (765,677) (768,677) (771,675) (771,672) (775,670) (779,671) (787,668) (790,672) (801,676) (811,670) (813,667) (820,666) (825,661) (828,660) (835,653) (841,654) (842,657) (847,658) (863,653) (878,646) (883,641) (882,636) (887,632) (898,629) (897,640) (899,642) (904,642) (910,638) (913,629) (923,618) (924,608) (918,610) (909,607) (906,609) (903,608) (897,612) (894,612) (884,623) (870,627) (863,627) (861,629) (857,627) (846,640) (846,641) (842,649) (838,650) (835,650) (836,647) (833,644) (828,643) (828,640) (821,640) (816,636) (814,638) (822,628) (821,625) (814,627) (810,626) (792,636) (784,648) (774,653) (774,655) (768,658) (764,667) (764,670) (765,670) (761,678) (764,675) (765,677)
add_area 81102799 'rupalammi'  (740,851) (743,848) (738,844) (734,844) (733,846) (734,849) (740,851)
add_area 81102800 '-'  (1046,419) (1048,418) (1049,417) (1045,417) (1039,422) (1037,428) (1038,430) (1042,428) (1044,421) (1046,419)
add_area 81102802 'peralammi'  (924,651) (924,649) (927,646) (924,641) (918,644) (915,643) (909,647) (912,650) (917,651) (916,654) (917,656) (919,655) (920,657) (914,658) (912,662) (907,664) (904,662) (894,667) (886,673) (885,677) (886,679) (890,680) (893,679) (909,668) (922,669) (932,666) (935,660) (942,657) (944,654) (944,653) (948,648) (950,643) (949,643) (947,641) (945,643) (938,647) (932,651) (929,652) (926,655) (921,655) (921,654) (924,651)
add_area 81102803 '-'  (1051,408) (1053,408) (1060,403) (1060,402) (1059,401) (1050,403) (1049,404) (1051,408)
add_area 81102804 'hietaslammi'  (617,686) (618,687) (620,688) (624,688) (628,685) (633,684) (637,682) (649,680) (652,679) (652,677) (648,676) (646,674) (645,666) (643,666) (640,668) (630,678) (619,683) (617,686)
add_area 81102806 'iso ruokejarvi'  (667,808) (681,802) (684,798) (684,796) (671,796) (666,802) (652,813) (651,815) (651,825) (656,826) (655,832) (658,833) (657,835) (662,833) (679,819) (685,807) (677,806) (674,809) (668,809) (666,809) (667,808)
add_area 81102808 'kuusilammi'  (1161,568) (1163,568) (1166,566) (1167,564) (1165,561) (1167,558) (1165,555) (1162,552) (1151,554) (1148,556) (1146,563) (1147,566) (1150,566) (1158,565) (1161,568)
add_area 81102809 'heinalammi'  (655,878) (655,879) (656,879) (657,879) (658,877) (661,874) (662,873) (664,872) (667,871) (670,868) (672,866) (673,864) (673,862) (671,862) (671,862) (670,862) (667,864) (665,864) (663,866) (662,866) (661,868) (659,871) (659,872) (658,873) (657,876) (656,877) (655,878)
add_area 81102810 'pikku ruokejarvi'  (738,742) (731,744) (729,750) (732,752) (732,756) (734,757) (739,758) (744,755) (746,752) (746,749) (748,744) (749,737) (752,730) (749,729) (742,732) (738,742)
add_area 81102811 'papinsaari'  (1012,571) (1014,571) (1015,569) (1012,568) (1010,569) (1012,571)
add_area 81102812 'ruijonlammi'  (778,716) (780,715) (781,712) (783,711) (784,709) (784,706) (780,706) (778,707) (777,706) (778,705) (775,706) (771,711) (773,714) (778,716)
add_area 81102813 'iso poikainlammi'  (946,449) (934,455) (929,459) (926,465) (928,467) (933,466) (936,463) (936,462) (937,461) (941,463) (937,467) (935,467) (932,470) (929,478) (931,480) (931,484) (926,490) (923,497) (923,504) (924,506) (923,512) (928,503) (933,498) (940,493) (945,488) (945,479) (949,474) (956,464) (955,460) (956,458) (949,455) (948,451) (946,449)
add_area 81102816 'loyttyjarvi'  (1368,427) (1373,427) (1375,425) (1377,425) (1384,419) (1389,417) (1389,414) (1381,416) (1379,415) (1378,415) (1372,419) (1368,420) (1365,421) (1362,421) (1362,421) (1360,421) (1358,421) (1360,418) (1366,416) (1366,414) (1372,410) (1375,410) (1377,406) (1376,405) (1384,400) (1385,400) (1388,398) (1391,393) (1393,390) (1393,387) (1392,387) (1390,388) (1389,388) (1388,387) (1387,387) (1385,388) (1383,393) (1376,399) (1372,405) (1367,407) (1366,406) (1354,412) (1345,412) (1337,416) (1322,418) (1317,419) (1313,419) (1309,421) (1308,423) (1310,425) (1313,430) (1315,431) (1318,429) (1323,427) (1319,432) (1318,434) (1318,437) (1320,438) (1319,439) (1322,443) (1321,445) (1322,446) (1330,442) (1346,437) (1350,435) (1353,435) (1356,432) (1368,427)
add_area 81102817 'myllyjarvi'  (636,765) (636,763) (638,763) (637,762) (640,761) (641,760) (643,757) (641,755) (635,757) (628,761) (625,762) (613,768) (607,773) (604,774) (602,773) (601,777) (603,778) (604,779) (607,779) (614,773) (620,773) (625,774) (629,772) (635,765) (636,765)
add_area 81102819 'saarilammi'  (767,786) (763,790) (760,796) (760,798) (757,800) (755,802) (754,807) (756,806) (758,805) (760,803) (763,800) (764,799) (766,799) (769,797) (771,792) (777,783) (783,781) (783,779) (781,777) (777,777) (771,781) (767,786)
add_area 81102821 'kaakkolammi'  (1093,597) (1096,596) (1097,595) (1097,594) (1092,593) (1088,594) (1086,593) (1085,590) (1082,587) (1080,588) (1076,592) (1070,592) (1065,591) (1062,592) (1060,595) (1061,597) (1065,600) (1067,600) (1076,598) (1080,599) (1082,598) (1093,597)
add_area 81102822 'kylkilammi'  (861,706) (854,715) (853,718) (855,720) (858,721) (866,714) (868,709) (870,706) (871,704) (869,702) (870,700) (872,698) (876,694) (876,691) (872,691) (869,693) (864,700) (861,706)
add_area 81103319 'pahalammi'  (379,908) (383,904) (383,898) (374,897) (368,900) (367,903) (372,908) (379,908)
add_area 81103336 'naapurilammi'  (334,840) (339,836) (340,832) (337,828) (332,828) (320,835) (316,839) (316,840) (318,841) (334,840)
add_area 81103344 'pikku pirttilammi'  (239,705) (246,700) (255,698) (258,694) (250,690) (250,684) (248,683) (238,687) (234,691) (233,700) (235,706) (239,705)
add_area 81103622 'kulosaari'  (485,758) (490,752) (493,742) (491,743) (486,748) (480,754) (485,758)
add_area 81103629 'kolmisoppinen'  (893,411) (895,408) (894,406) (890,404) (887,405) (886,414) (893,411)
add_area 81103633 'kettusaari'  (457,762) (451,767) (449,770) (446,772) (446,773) (452,771) (456,771) (469,765) (466,761) (457,762)
add_area 81103639 'vaha hiedanlammi'  (693,610) (696,610) (698,609) (699,604) (693,607) (693,610)
add_area 81103640 'pitka poikainlammi'  (893,450) (887,458) (887,462) (886,464) (887,464) (889,460) (891,460) (893,455) (896,452) (897,449) (901,446) (907,441) (907,438) (899,441) (898,443) (895,444) (892,445) (893,450)
add_area 81109746 'maenalanen'  (1505,183) (1508,179) (1512,174) (1512,172) (1503,167) (1499,177) (1494,183) (1492,186) (1490,187) (1487,198) (1488,202) (1493,203) (1498,211) (1501,210) (1510,193) (1505,183)
add_area 81109749 'pitkajarvi'  (1435,397) (1438,395) (1440,395) (1454,380) (1456,379) (1459,377) (1462,375) (1463,374) (1462,372) (1460,372) (1458,373) (1452,376) (1449,380) (1446,383) (1443,389) (1435,395) (1435,397)
add_area 81109757 'kalalammi'  (1333,636) (1327,645) (1321,648) (1317,653) (1325,650) (1327,647) (1334,645) (1341,640) (1344,638) (1347,636) (1353,633) (1355,631) (1357,626) (1356,622) (1352,622) (1349,623) (1340,624) (1335,630) (1333,636)
add_area 81109758 'ansajarvi'  (1468,626) (1462,635) (1462,639) (1462,643) (1463,645) (1461,650) (1467,651) (1479,646) (1487,644) (1496,637) (1500,629) (1499,628) (1499,626) (1502,625) (1504,624) (1505,622) (1504,621) (1489,625) (1479,626) (1476,623) (1477,621) (1476,618) (1475,618) (1469,622) (1468,625) (1468,626)
add_area 81109759 'ahvenlammi'  (1555,3) (1551,7) (1549,9) (1546,9) (1541,10) (1540,14) (1546,17) (1550,19) (1554,19) (1558,16) (1558,9) (1565,0) (1560,0) (1555,3)
add_area 81109769 'mustalammi'  (1576,490) (1577,492) (1580,490) (1581,493) (1583,492) (1583,489) (1580,486) (1581,483) (1585,479) (1586,476) (1585,472) (1584,472) (1582,473) (1580,480) (1577,486) (1576,490)
add_area 81109771 'haukilammi'  (1495,265) (1488,278) (1488,281) (1486,284) (1484,289) (1485,289) (1491,286) (1494,281) (1500,279) (1501,277) (1501,275) (1499,274) (1499,272) (1501,267) (1500,263) (1500,256) (1498,250) (1500,246) (1500,243) (1497,244) (1496,247) (1496,252) (1494,255) (1494,259) (1496,260) (1495,265)
add_area 81109772 'koitinlammi'  (1517,505) (1513,505) (1512,507) (1512,510) (1509,516) (1508,518) (1509,520) (1509,524) (1511,525) (1513,523) (1512,520) (1510,519) (1510,517) (1513,513) (1515,511) (1518,511) (1520,509) (1521,506) (1520,504) (1517,505)
add_area 81109776 'vaarajarvi'  (1373,559) (1373,563) (1376,564) (1381,566) (1380,570) (1375,573) (1369,578) (1361,587) (1361,591) (1365,592) (1361,598) (1357,600) (1358,603) (1361,605) (1360,607) (1364,606) (1367,608) (1374,608) (1381,617) (1384,619) (1387,617) (1389,614) (1372,603) (1375,591) (1389,576) (1392,575) (1410,565) (1418,557) (1434,546) (1432,542) (1414,551) (1404,548) (1390,554) (1382,554) (1373,559)
add_area 81109777 '-'  (1214,905) (1217,901) (1220,895) (1219,894) (1220,890) (1220,890) (1219,890) (1215,895) (1212,902) (1207,909) (1208,911) (1205,912) (1205,915) (1210,915) (1214,908) (1214,905)
add_area 81109779 'helvetinjarven kansallispuisto'  (1555,411) (1557,411) (1557,413) (1555,418) (1559,416) (1562,416) (1569,408) (1572,402) (1569,398) (1567,397) (1566,397) (1560,401) (1555,409) (1555,411)
add_area 81109780 'iso hoyhyjarvi'  (1483,687) (1483,692) (1482,696) (1484,699) (1491,700) (1494,702) (1498,701) (1498,700) (1501,698) (1502,696) (1502,694) (1503,692) (1504,690) (1503,689) (1495,689) (1493,688) (1490,684) (1489,681) (1488,680) (1486,681) (1483,687)
add_area 81109781 'losulammi'  (490,415) (497,409) (498,406) (496,401) (492,402) (491,403) (491,408) (489,415) (490,415)
add_area 81109782 'honkalammi'  (1430,519) (1431,520) (1431,522) (1434,522) (1443,516) (1442,515) (1433,517) (1430,519)
add_area 81109783 'ahvenlammi'  (1314,620) (1318,614) (1317,612) (1314,611) (1310,613) (1307,617) (1299,626) (1297,631) (1297,634) (1299,633) (1302,629) (1314,620)
add_area 81109784 'ylasenjarvi'  (1145,849) (1149,844) (1156,840) (1163,835) (1173,828) (1174,825) (1172,826) (1171,824) (1175,817) (1181,812) (1190,808) (1194,805) (1192,800) (1188,803) (1185,807) (1176,813) (1173,813) (1169,817) (1163,820) (1153,834) (1151,836) (1147,840) (1138,844) (1136,848) (1122,862) (1120,866) (1113,873) (1104,884) (1105,886) (1112,882) (1114,884) (1120,881) (1121,887) (1125,886) (1128,886) (1125,883) (1122,881) (1122,880) (1126,876) (1126,873) (1131,866) (1134,863) (1138,856) (1143,850) (1145,849)
add_area 81111625 'kortelammi'  (185,652) (189,651) (190,643) (185,645) (183,649) (185,652)
add_area 81112138 'karhulammi'  (844,887) (847,885) (851,883) (853,881) (852,879) (853,876) (851,876) (843,884) (842,886) (842,888) (844,887)
add_area 81129422 'risujarvi'  (1251,1045) (1254,1042) (1252,1037) (1253,1036) (1252,1032) (1250,1029) (1248,1030) (1248,1029) (1243,1030) (1240,1032) (1240,1034) (1234,1037) (1239,1038) (1244,1047) (1243,1049) (1245,1051) (1251,1045)
add_area 96015769 '-'  (1426,926) (1552,931) (1472,1148) (1770,1148) (1770,411) (1611,419) (1426,926)
add_area 132734726 'hakojarvi'  (321,230) (324,235) (328,239) (336,243) (339,238) (339,231) (336,227) (325,224) (318,219) (315,219) (312,221) (316,228) (321,230)
add_area 132734738 'lumijarvi'  (391,165) (389,170) (392,176) (398,176) (415,163) (418,156) (421,152) (423,145) (416,135) (405,126) (400,133) (397,132) (398,130) (400,127) (398,125) (394,126) (388,130) (385,141) (387,143) (393,145) (397,150) (395,159) (391,165)
add_area 132734741 'pikku kalliojarvi'  (700,0) (702,4) (700,6) (698,13) (697,20) (698,31) (700,32) (706,26) (706,22) (704,14) (707,8) (707,1) (706,0) (700,0) (700,0)
add_area 132736032 'taikinalammi'  (666,0) (663,3) (661,9) (663,14) (666,15) (669,14) (670,11) (671,11) (670,9) (672,0) (666,0) (666,0)
add_area 133199271 'hakojarvi'  (1019,27) (1023,31) (1028,31) (1034,36) (1038,35) (1040,31) (1039,30) (1037,26) (1028,16) (1019,21) (1019,27)
add_area 133199272 'hattulammi'  (1150,191) (1148,190) (1140,190) (1137,192) (1137,195) (1139,194) (1139,197) (1137,199) (1135,201) (1130,204) (1129,205) (1135,209) (1135,212) (1137,213) (1143,209) (1149,208) (1152,206) (1156,207) (1159,205) (1152,202) (1148,203) (1144,202) (1142,200) (1149,194) (1150,191)
add_area 133199274 'kivi-kierinka'  (1196,29) (1194,28) (1179,41) (1166,60) (1165,66) (1152,87) (1140,111) (1143,113) (1173,77) (1184,67) (1189,56) (1203,40) (1212,29) (1214,27) (1218,20) (1222,14) (1219,14) (1215,18) (1211,19) (1206,26) (1195,34) (1196,29)
add_area 133199275 'leppajarvi'  (888,3) (893,3) (895,2) (897,4) (897,7) (900,9) (901,13) (906,13) (909,11) (911,11) (907,19) (901,22) (898,20) (895,13) (895,10) (893,8) (892,9) (890,20) (887,24) (885,32) (886,35) (905,28) (910,22) (912,15) (915,11) (917,6) (924,0) (888,0) (888,3)
add_area 133199276 'nurkkajarvi'  (1006,147) (1007,151) (1011,157) (1012,159) (1017,156) (1024,154) (1027,150) (1026,145) (1017,142) (1007,145) (1006,147)
add_area 133199279 'valkoinen'  (1202,121) (1201,123) (1200,123) (1199,129) (1193,135) (1194,136) (1184,152) (1185,153) (1186,153) (1190,149) (1196,149) (1200,147) (1204,144) (1205,141) (1203,141) (1201,143) (1199,143) (1200,138) (1203,136) (1204,133) (1204,132) (1205,130) (1203,128) (1203,127) (1208,123) (1211,122) (1212,120) (1215,120) (1222,110) (1226,107) (1228,104) (1227,103) (1230,99) (1236,92) (1236,89) (1237,88) (1234,87) (1233,85) (1228,91) (1226,92) (1223,94) (1220,98) (1215,102) (1213,103) (1207,110) (1201,120) (1202,121)
add_area 133199280 'valkoinen penkkijarvi'  (935,214) (933,222) (932,228) (934,232) (934,240) (936,241) (939,239) (940,237) (943,227) (940,214) (938,211) (935,214)
add_area 133199325 '-'  (1159,224) (1162,223) (1164,221) (1161,221) (1159,224)
add_area 133199328 '-'  (1108,51) (1105,53) (1106,54) (1113,51) (1113,45) (1109,46) (1108,51)
add_area 133199330 '-'  (978,13) (977,15) (979,16) (983,13) (980,9) (978,11) (978,13)
add_area 133199334 '-'  (915,247) (918,247) (919,248) (921,246) (922,244) (921,243) (915,247) (915,247)
add_area 133199335 '-'  (1211,16) (1214,13) (1215,11) (1214,8) (1214,5) (1213,6) (1210,10) (1209,14) (1211,16)
add_area 133199336 '-'  (1192,120) (1193,119) (1195,118) (1195,116) (1196,115) (1195,113) (1194,114) (1192,114) (1189,117) (1192,120)
add_area 133199337 '-'  (1114,39) (1114,37) (1116,36) (1116,34) (1113,35) (1112,37) (1111,37) (1110,39) (1114,39)
add_area 133284166 'kuivattujarvi'  (1053,286) (1052,290) (1054,291) (1061,289) (1063,285) (1063,281) (1059,279) (1054,279) (1051,283) (1053,286)
add_area 133284168 'musta penkkijarvi'  (893,261) (889,263) (888,261) (886,261) (885,263) (883,268) (887,269) (888,271) (890,272) (892,272) (895,275) (899,275) (903,270) (902,268) (898,267) (895,263) (898,257) (903,252) (901,252) (893,261)
add_area 133284169 'nimetonlammi'  (597,918) (599,920) (598,923) (598,925) (599,926) (602,926) (607,923) (609,924) (611,922) (612,920) (615,919) (619,920) (622,919) (622,917) (619,914) (614,915) (611,911) (608,912) (607,915) (604,915) (602,915) (598,916) (597,918)
add_area 133284204 'kilpilammi'  (984,325) (986,326) (988,325) (989,324) (984,324) (984,325)
add_area 133284206 'rontonlammi'  (914,364) (916,364) (918,362) (917,362) (916,362) (914,364) (914,364)
add_area 133284207 'kirkaslammi'  (1082,351) (1083,349) (1084,348) (1085,348) (1085,347) (1083,346) (1080,350) (1082,351)
add_area 133391829 'kankilammi'  (738,1009) (739,1011) (742,1011) (746,1009) (748,1006) (748,1003) (743,1002) (738,1009)
add_area 133391830 'pyylammi'  (721,969) (723,969) (723,969) (725,970) (727,972) (728,971) (729,973) (731,973) (733,973) (735,972) (737,971) (739,969) (739,969) (740,969) (742,968) (743,967) (742,967) (742,966) (738,966) (734,967) (732,967) (732,967) (729,967) (725,968) (724,967) (722,966) (721,967) (720,967) (720,968) (721,968) (721,969)
add_area 133450576 'iso hautajarvi'  (0,1099) (0,1098) (2,1097) (4,1096) (5,1093) (7,1089) (9,1086) (26,1072) (28,1068) (36,1060) (36,1057) (40,1052) (49,1044) (67,1026) (67,1025) (56,1033) (47,1040) (45,1040) (30,1058) (27,1063) (10,1081) (3,1087) (0,1090) (0,1091) (0,1099)
add_area 9 'iso hautajarvi'  (0,1105) (1,1102) (0,1101) (0,1105)
add_area 11 'iso hautajarvi'  (0,1127) (2,1126) (8,1123) (9,1121) (11,1120) (16,1121) (18,1124) (22,1123) (25,1122) (27,1118) (18,1112) (11,1109) (8,1106) (6,1106) (5,1107) (0,1110) (0,1110) (0,1127)
add_area 133450579 'isonnevanlammit'  (101,1059) (100,1061) (102,1061) (104,1060) (105,1058) (103,1057) (101,1059)
add_area 133450580 'isonnevanlammit'  (107,1054) (109,1054) (111,1054) (113,1052) (112,1051) (108,1051) (107,1054)
add_area 133450585 'kalliolammi'  (88,1057) (86,1058) (85,1060) (85,1061) (86,1060) (87,1060) (90,1059) (94,1057) (95,1056) (95,1054) (92,1054) (90,1055) (88,1057)
add_area 133450588 'saukkolammi'  (117,984) (131,974) (140,964) (137,960) (134,960) (131,961) (127,967) (119,973) (114,978) (117,984)
add_area 133450589 'ulpukkalammi'  (87,1111) (88,1111) (90,1110) (91,1108) (90,1107) (88,1107) (87,1109) (87,1111)
add_area 133450591 'vaarajarvet'  (66,985) (69,983) (70,982) (69,982) (68,982) (66,985) (66,985)
add_area 133450593 'vaarajarvet'  (57,990) (58,991) (60,990) (64,986) (61,987) (58,988) (57,990)
add_area 133492350 'iso-auninen'  (266,1093) (266,1097) (263,1097) (264,1099) (266,1099) (268,1096) (267,1095) (267,1092) (270,1092) (274,1091) (276,1088) (276,1086) (276,1082) (276,1079) (278,1076) (276,1076) (279,1074) (282,1075) (287,1072) (291,1068) (297,1064) (301,1063) (303,1060) (302,1054) (301,1054) (301,1051) (300,1051) (297,1051) (299,1047) (301,1045) (300,1044) (294,1047) (288,1049) (285,1053) (279,1062) (276,1070) (273,1074) (269,1078) (269,1079) (264,1089) (263,1091) (266,1093)
add_area 133492354 'pikku auninen'  (235,1148) (258,1148) (260,1148) (262,1144) (267,1142) (269,1139) (269,1136) (260,1132) (257,1133) (251,1135) (250,1132) (251,1128) (250,1128) (245,1131) (244,1127) (238,1130) (235,1132) (235,1148)
add_area 133492381 '-'  (306,1043) (303,1047) (303,1051) (305,1054) (309,1052) (312,1049) (316,1047) (317,1044) (315,1043) (314,1041) (316,1038) (313,1039) (308,1042) (306,1043)
add_area 133492382 'valkeajarvi'  (284,1003) (284,1001) (281,1001) (280,999) (277,999) (276,1000) (271,999) (267,1000) (266,1001) (262,1004) (260,1006) (258,1007) (257,1008) (257,1011) (253,1012) (248,1014) (246,1016) (243,1017) (242,1017) (241,1019) (240,1023) (239,1030) (242,1033) (248,1034) (250,1035) (247,1039) (248,1041) (250,1042) (252,1040) (262,1043) (264,1042) (268,1041) (273,1037) (278,1038) (280,1034) (282,1035) (280,1039) (288,1042) (290,1042) (291,1040) (294,1038) (297,1036) (299,1034) (302,1033) (303,1031) (302,1029) (303,1027) (302,1027) (299,1026) (298,1023) (298,1022) (301,1022) (307,1019) (307,1017) (299,1019) (295,1017) (294,1017) (293,1015) (294,1012) (299,1011) (301,1006) (301,1006) (302,1005) (301,1004) (301,1003) (301,1002) (300,1002) (299,999) (294,1003) (289,1003) (286,1004) (284,1003)
add_area 133492384 '-'  (303,852) (301,848) (301,845) (299,842) (297,842) (285,843) (275,850) (268,848) (267,847) (273,837) (271,835) (262,840) (244,855) (242,859) (230,874) (223,879) (215,883) (203,899) (204,904) (201,909) (197,912) (194,912) (194,909) (192,911) (190,914) (191,917) (193,917) (195,916) (195,918) (200,916) (205,917) (211,915) (222,905) (230,896) (235,886) (238,879) (239,875) (246,869) (249,868) (256,868) (261,865) (264,864) (264,865) (261,868) (253,878) (249,883) (250,885) (249,888) (247,887) (243,889) (240,898) (236,902) (234,907) (238,913) (241,912) (252,904) (261,896) (274,891) (292,879) (296,875) (303,852)
add_area 133492388 '-'  (238,893) (238,894) (239,893) (240,894) (241,892) (241,891) (239,891) (238,893)
add_area 133525689 'kalliojarvi'  (952,1019) (954,1020) (970,1013) (985,1007) (992,1007) (1005,1000) (1013,992) (1016,991) (1021,983) (1021,980) (1018,981) (1016,983) (1012,991) (1007,996) (993,1002) (989,1002) (980,1005) (959,1009) (956,1011) (952,1017) (952,1019)
add_area 133525690 'kalliojarvi'  (481,1133) (477,1134) (474,1137) (470,1137) (469,1141) (461,1147) (461,1148) (513,1148) (513,1147) (526,1132) (535,1122) (538,1121) (538,1119) (536,1118) (529,1123) (526,1124) (522,1124) (503,1133) (498,1133) (493,1129) (481,1133)
add_area 133525691 'ketvenjarvi'  (447,911) (443,914) (437,926) (437,928) (438,928) (440,927) (442,922) (446,920) (456,920) (462,926) (464,926) (465,923) (475,915) (475,914) (474,913) (469,904) (471,901) (470,899) (470,898) (469,898) (466,899) (462,899) (459,895) (457,895) (447,892) (443,888) (441,889) (440,891) (443,895) (443,898) (449,908) (447,911)
add_area 133525692 'linjalammi'  (824,1018) (822,1021) (822,1025) (823,1025) (825,1023) (831,1012) (840,1004) (841,1001) (842,999) (845,996) (843,996) (839,1001) (835,1004) (833,1007) (828,1010) (825,1012) (824,1018)
add_area 133525693 'martinjarvi'  (820,1111) (828,1110) (829,1108) (831,1108) (833,1104) (831,1103) (832,1102) (835,1101) (834,1100) (826,1103) (820,1111)
add_area 133525695 'pahatlammit'  (545,1029) (541,1030) (539,1033) (539,1036) (540,1038) (537,1046) (530,1057) (529,1062) (530,1063) (534,1060) (535,1059) (534,1057) (535,1055) (537,1055) (538,1054) (538,1053) (540,1044) (542,1042) (546,1034) (545,1029)
add_area 133525696 'pahatlammit'  (556,1007) (553,1020) (553,1023) (556,1023) (558,1022) (558,1020) (561,1010) (560,1003) (559,1002) (558,1003) (556,1007)
add_area 133525698 'rimpilammi'  (338,1099) (334,1104) (331,1103) (329,1103) (326,1111) (321,1113) (314,1119) (313,1121) (317,1122) (317,1125) (319,1126) (325,1123) (341,1106) (339,1096) (337,1095) (333,1096) (331,1100) (332,1101) (335,1101) (337,1099) (338,1099)
add_area 133525699 'routtulammi'  (552,1107) (556,1107) (562,1107) (574,1101) (575,1098) (573,1095) (560,1097) (551,1101) (550,1103) (552,1107)
add_area 133525701 'sarkijarvi'  (353,963) (353,967) (354,972) (362,976) (364,975) (367,973) (369,969) (366,967) (360,966) (357,962) (354,960) (353,963)
add_area 133525702 'valkoisetlammit'  (646,1014) (647,1015) (650,1015) (650,1017) (652,1018) (651,1019) (649,1021) (648,1022) (645,1023) (644,1024) (642,1026) (645,1029) (649,1030) (651,1029) (651,1027) (653,1024) (656,1023) (657,1022) (658,1021) (660,1016) (658,1014) (657,1014) (655,1011) (653,1009) (651,1009) (647,1013) (646,1014)
add_area 133525703 'valkoisetlammit'  (655,1031) (655,1032) (658,1038) (658,1040) (660,1042) (670,1043) (672,1041) (673,1039) (678,1033) (679,1030) (679,1027) (679,1025) (677,1025) (673,1026) (670,1025) (668,1025) (668,1024) (669,1022) (668,1022) (664,1025) (663,1025) (662,1027) (656,1029) (655,1031)
add_area 133525704 'vuorijarvi'  (416,960) (414,964) (411,966) (404,967) (402,971) (401,973) (403,973) (408,971) (411,968) (416,964) (422,959) (421,958) (416,960)
add_area 133525715 '-'  (469,935) (470,935) (472,936) (473,934) (474,931) (472,931) (470,932) (469,935)
add_area 133525717 '-'  (825,1026) (825,1028) (829,1025) (829,1023) (831,1019) (831,1019) (826,1023) (825,1026)
add_area 135439765 'kuuslammi'  (699,1107) (704,1106) (711,1099) (709,1098) (703,1103) (700,1104) (699,1107)
add_area 160386111 'isosaari'  (441,724) (443,721) (444,719) (439,720) (437,720) (435,721) (433,723) (420,728) (414,732) (412,734) (410,737) (408,742) (408,744) (405,748) (397,754) (392,762) (389,766) (388,772) (388,778) (393,778) (393,780) (397,778) (399,780) (404,778) (411,771) (414,769) (414,767) (415,767) (414,769) (416,769) (417,767) (416,766) (419,760) (424,758) (427,752) (434,749) (438,752) (442,752) (442,755) (442,757) (443,759) (442,762) (445,762) (452,759) (464,742) (475,728) (478,719) (476,718) (469,713) (465,714) (459,712) (453,713) (456,714) (456,715) (445,724) (443,725) (441,724)
add_area 160386133 'penikka'  (330,846) (332,846) (335,843) (334,841) (331,843) (330,846)
add_area 160386139 'soidinsaari'  (510,738) (513,736) (518,731) (517,730) (511,734) (508,735) (510,738)
add_area 160386140 'koppisaari'  (529,632) (530,632) (533,630) (535,627) (536,625) (534,625) (530,627) (529,632)
add_area 160398082 '-'  (256,408) (257,409) (258,411) (264,409) (272,408) (273,404) (269,403) (266,397) (261,395) (259,397) (258,403) (256,408)
add_area 160398083 'kuppilammi'  (409,525) (411,528) (416,528) (417,527) (417,526) (418,524) (420,523) (422,523) (421,522) (416,524) (415,526) (414,527) (412,522) (410,521) (409,525)
add_area 160398084 '-'  (772,578) (773,579) (769,582) (767,585) (766,586) (766,584) (765,583) (762,585) (763,589) (765,589) (767,587) (769,587) (768,588) (769,588) (772,582) (776,578) (776,576) (773,575) (772,578)
add_area 160398085 '-'  (592,554) (595,555) (596,552) (592,551) (592,554)
add_area 160398086 'rapalammi'  (737,628) (741,628) (742,624) (736,624) (737,628)
add_area 160398087 '-'  (727,666) (729,664) (728,663) (727,663) (725,664) (727,666)
add_area 160406452 'pahalammi'  (803,753) (808,750) (806,747) (803,751) (803,753)
add_area 160406453 '-'  (906,464) (908,464) (910,460) (908,459) (906,464)
add_area 160406457 'teerenlammi'  (788,522) (790,522) (792,520) (790,518) (788,519) (788,522)
add_area 160406458 'sammakkolammi'  (681,926) (679,927) (677,929) (677,930) (679,930) (682,929) (684,928) (684,926) (683,925) (681,926)
add_area 160481201 'isosaari'  (961,849) (957,851) (953,856) (951,859) (949,861) (949,863) (953,861) (958,858) (963,851) (964,848) (962,847) (961,849)
add_area 160481202 'pikku-kovero'  (1570,322) (1569,324) (1571,326) (1568,333) (1558,343) (1558,345) (1560,345) (1564,340) (1568,334) (1572,330) (1573,327) (1574,322) (1572,321) (1570,322)
add_area 160481206 'helvetinjarven kansallispuisto'  (1210,747) (1210,748) (1212,748) (1213,747) (1213,747) (1213,746) (1211,746) (1210,747)
add_area 160481225 '-'  (1430,402) (1428,404) (1425,409) (1426,410) (1429,407) (1433,400) (1432,400) (1430,402)
add_area 160498575 'vehkalammi'  (1355,668) (1348,671) (1343,676) (1340,680) (1336,682) (1334,686) (1336,686) (1343,684) (1355,674) (1357,671) (1355,668)
add_area 160498601 'saukkolammi'  (1509,576) (1508,574) (1504,576) (1500,586) (1500,589) (1504,587) (1508,580) (1509,576)
add_area 160501852 'hollonjarvi'  (1604,247) (1603,250) (1604,250) (1606,249) (1609,246) (1608,246) (1608,244) (1611,242) (1615,237) (1614,236) (1612,238) (1607,243) (1605,245) (1604,247)
add_area 160501859 '-'  (1412,140) (1415,140) (1418,137) (1414,135) (1410,138) (1412,140)
add_area 160501860 '-'  (1670,221) (1669,222) (1672,222) (1673,220) (1673,218) (1671,218) (1670,221)
add_area 160501863 'pikkulammi'  (1432,294) (1431,296) (1431,297) (1434,295) (1434,292) (1433,291) (1432,292) (1432,294)
add_area 190273504 '-'  (1103,820) (1128,780) (1161,782) (1163,775) (1140,772) (1202,759) (1206,733) (1175,728) (1191,686) (1333,511) (1547,359) (1524,395) (1307,568) (1278,619) (1406,490) (1496,420) (1543,417) (1589,346) (1574,387) (1626,336) (1584,299) (1601,279) (1302,324) (1314,294) (1375,270) (1418,224) (1395,233) (1341,169) (1214,154) (1262,63) (1219,5) (1144,104) (1134,96) (881,378) (821,390) (796,429) (675,475) (599,522) (562,569) (520,571) (507,548) (493,559) (487,607) (305,828) (220,848) (154,940) (215,979) (261,927) (285,943) (308,925) (418,985) (486,916) (491,942) (465,986) (400,1040) (330,1066) (332,1091) (299,1115) (310,1136) (328,1126) (328,1148) (461,1148) (522,1124) (581,1058) (671,1056) (745,965) (655,948) (916,852) (1103,820)
add_area 191927701 '-'  (832,821) (953,734) (966,756) (1056,702) (1121,617) (1195,601) (1207,555) (1167,558) (1165,555) (1162,552) (1151,554) (1148,556) (1136,558) (1133,564) (1114,565) (1084,596) (1039,582) (998,570) (964,499) (939,525) (903,608) (897,612) (894,612) (884,623) (870,627) (868,626) (863,627) (861,629) (857,627) (850,634) (846,640) (846,641) (842,649) (838,650) (835,650) (836,647) (833,644) (828,643) (828,640) (825,639) (821,640) (816,636) (814,638) (813,637) (815,636) (816,633) (822,628) (821,625) (814,627) (810,626) (792,636) (787,645) (784,648) (783,648) (774,653) (774,655) (768,658) (765,665) (764,667) (764,670) (765,670) (764,672) (764,674) (576,753) (610,831) (701,783) (722,811) (778,775) (795,773) (832,821)
add_area 212762577 'rapalammi'  (553,272) (554,272) (557,275) (559,273) (558,271) (557,270) (556,270) (553,271) (553,272)
add_area 637618190 '-'  (1113,574) (1113,574) (1114,574) (1115,572) (1113,572) (1113,574)
add_area 637618191 '-'  (1168,509) (1171,508) (1176,501) (1180,500) (1182,500) (1187,496) (1190,489) (1190,488) (1192,487) (1193,488) (1197,486) (1203,482) (1210,477) (1213,474) (1209,473) (1214,470) (1219,469) (1226,462) (1226,461) (1220,460) (1220,460) (1226,456) (1226,454) (1224,455) (1226,452) (1222,451) (1168,509)
add_area 637618192 '-'  (1267,404) (1231,441) (1231,442) (1233,442) (1234,441) (1235,438) (1237,438) (1237,436) (1242,432) (1247,430) (1249,427) (1251,426) (1252,424) (1250,424) (1251,423) (1254,421) (1257,422) (1260,418) (1261,418) (1262,416) (1264,416) (1266,414) (1264,414) (1267,411) (1265,410) (1266,409) (1269,409) (1270,408) (1267,407) (1270,404) (1273,403) (1276,404) (1280,404) (1283,402) (1287,398) (1287,395) (1292,389) (1296,387) (1297,385) (1297,383) (1292,385) (1283,377) (1283,374) (1280,373) (1267,404)
add_area 637618193 '-'  (1324,273) (1327,273) (1330,275) (1332,269) (1337,265) (1338,260) (1336,259) (1335,253) (1333,253) (1334,250) (1333,249) (1324,273)
add_area 637618194 '-'  (1438,395) (1440,395) (1454,380) (1456,379) (1459,377) (1462,375) (1463,374) (1462,372) (1460,372) (1458,373) (1452,376) (1449,380) (1446,383) (1443,389) (1435,395) (1430,402) (1428,404) (1425,409) (1426,410) (1429,407) (1433,400) (1438,395)
add_area 637618195 'helvetinjarven kansallispuisto'  (1292,677) (1289,676) (1283,675) (1284,674) (1280,670) (1282,663) (1285,662) (1286,661) (1289,658) (1291,654) (1298,648) (1302,645) (1300,645) (1299,640) (1271,645) (1269,647) (1269,649) (1265,652) (1257,654) (1255,655) (1259,664) (1260,665) (1258,668) (1260,668) (1265,664) (1267,663) (1268,665) (1256,679) (1254,680) (1249,680) (1248,683) (1252,687) (1247,697) (1245,698) (1243,697) (1242,696) (1242,697) (1243,699) (1242,701) (1238,705) (1271,684) (1293,679) (1292,677)
add_area 637618196 'helvetinjarven kansallispuisto'  (1245,724) (1247,725) (1253,722) (1257,718) (1267,713) (1291,697) (1293,697) (1298,693) (1298,692) (1244,709) (1244,722) (1245,724)
add_area 637618197 'helvetinjarven kansallispuisto'  (1268,721) (1259,726) (1256,729) (1246,734) (1243,737) (1241,737) (1237,737) (1234,738) (1231,738) (1221,743) (1221,745) (1222,748) (1217,755) (1215,756) (1214,757) (1219,758) (1226,755) (1234,753) (1237,753) (1243,753) (1248,754) (1256,752) (1258,750) (1260,750) (1262,751) (1274,747) (1278,744) (1268,721)
add_area 637711729 '-'  (296,878) (297,878) (300,877) (301,878) (318,857) (316,856) (312,852) (308,849) (303,852) (296,875) (296,878)
add_area 132734783 'iso kalliojarvi'  (720,4) (724,6) (724,10) (727,12) (730,12) (734,5) (736,5) (738,6) (742,2) (742,0) (721,0) (720,4)
add_area 81103315 'helvetinjarven kansallispuisto'  (270,864) (272,864) (276,862) (278,861) (281,860) (277,859) (274,859) (265,864) (265,865) (270,864)
add_area 133492389 '-'  (204,910) (206,909) (208,907) (208,904) (206,906) (204,908) (204,910)
add_area 133492390 '-'  (257,881) (260,883) (265,882) (265,880) (263,879) (258,880) (257,881)
add_area 1794149 'niemijarvi'  (298,873) (299,869) (299,864) (296,863) (296,863) (297,863) (300,860) (302,857) (304,856) (304,854) (303,852) (301,848) (301,845) (299,842) (297,842) (285,843) (275,850) (268,848) (267,847) (273,837) (271,835) (262,840) (244,855) (242,859) (230,874) (223,879) (215,883) (203,899) (204,904) (201,909) (197,912) (194,912) (194,909) (192,911) (190,914) (191,917) (193,917) (195,916) (195,918) (200,916) (205,917) (211,915) (222,905) (230,896) (235,886) (238,879) (239,875) (246,869) (249,868) (256,868) (261,865) (264,864) (264,865) (261,868) (253,878) (249,883) (250,885) (249,888) (247,887) (243,889) (240,898) (236,902) (234,907) (238,913) (241,912) (252,904) (261,896) (274,891) (292,879) (296,875) (298,873)
add_area 133525713 'vaha-ketven'  (473,920) (470,926) (467,931) (465,937) (467,940) (464,951) (464,954) (464,956) (466,958) (467,957) (468,958) (467,959) (468,961) (470,962) (474,962) (478,959) (479,957) (482,955) (483,950) (485,948) (487,946) (491,942) (491,939) (490,939) (484,940) (484,934) (485,931) (488,929) (490,926) (489,922) (487,921) (487,920) (488,917) (486,916) (485,916) (484,918) (483,918) (482,914) (479,915) (476,917) (473,920)
add_area 81103625 '-'  (588,643) (586,641) (583,642) (580,644) (578,647) (580,649) (579,651) (579,652) (587,646) (588,643)
add_area 160386127 '-'  (556,657) (559,655) (560,654) (556,656) (556,657)
add_area 160386134 '-'  (509,641) (510,639) (510,638) (508,639) (505,642) (509,641)
add_area 160386135 '-'  (559,635) (561,634) (564,631) (563,630) (560,632) (559,635)
add_area 160386132 '-'  (454,805) (457,803) (457,801) (455,802) (454,805)
add_area 160386128 '-'  (400,787) (401,786) (400,785) (399,787) (400,787)
add_area 160386129 '-'  (399,783) (401,781) (401,781) (399,782) (399,783)
add_area 371547855 '-'  (535,805) (536,803) (534,803) (533,805) (535,805)
add_area 371547856 '-'  (535,783) (538,783) (540,781) (540,778) (535,779) (535,783)
add_area 2146212 'haukkajarvi'  (402,742) (371,776) (370,812) (377,812) (366,830) (378,842) (391,841) (387,846) (394,848) (394,860) (413,837) (434,836) (441,828) (433,823) (460,808) (470,793) (476,790) (484,799) (518,794) (519,804) (507,817) (528,812) (539,845) (506,841) (494,853) (513,858) (510,870) (521,872) (535,849) (553,845) (572,824) (571,819) (543,825) (533,815) (540,803) (545,806) (576,781) (575,773) (563,772) (566,765) (520,779) (512,766) (516,747) (533,731) (558,727) (569,715) (557,708) (594,693) (603,675) (600,665) (611,655) (609,646) (634,617) (597,635) (594,627) (572,642) (566,638) (583,624) (572,608) (560,607) (568,596) (557,597) (561,588) (543,591) (538,603) (523,599) (513,625) (492,647) (509,648) (496,671) (446,713) (413,719) (402,742)
add_area 81103327 'iso pirttilampi'  (327,706) (329,705) (330,703) (328,701) (324,697) (327,694) (325,693) (321,695) (320,695) (320,694) (316,691) (313,694) (314,700) (313,704) (314,706) (311,710) (305,712) (307,718) (315,720) (317,718) (318,718) (319,722) (327,720) (331,715) (345,713) (348,710) (334,705) (332,707) (327,707) (327,706)
add_area 160386143 '-'  (317,712) (317,714) (320,717) (324,717) (328,715) (329,711) (326,708) (320,710) (317,712)
add_area 81103340 'mustajarvi'  (191,736) (189,735) (190,724) (186,723) (188,716) (176,725) (172,738) (176,749) (178,750) (180,746) (182,747) (176,754) (178,756) (182,750) (185,754) (182,758) (183,763) (178,765) (157,786) (156,786) (157,777) (161,772) (165,770) (163,766) (157,775) (152,774) (151,770) (140,784) (137,793) (140,794) (137,802) (139,807) (142,807) (147,802) (151,812) (138,840) (134,841) (129,849) (131,850) (130,854) (112,859) (103,865) (100,865) (94,860) (95,858) (71,878) (72,880) (88,871) (107,869) (110,871) (130,860) (137,860) (138,863) (141,863) (143,858) (154,843) (164,833) (169,832) (173,826) (171,821) (173,816) (171,810) (183,789) (178,785) (167,785) (167,783) (180,769) (190,766) (196,762) (202,751) (203,749) (200,748) (188,756) (189,751) (199,740) (192,738) (191,736)
add_area 160386138 '-'  (178,732) (178,735) (181,734) (182,732) (179,731) (178,732)
add_area 160386136 '-'  (192,762) (192,761) (191,761) (190,763) (191,763) (192,762)
add_area 160386126 '-'  (149,782) (151,782) (154,781) (152,779) (149,782)
add_area 160386141 '-'  (153,828) (156,826) (160,821) (156,820) (153,821) (150,824) (150,827) (153,828)
add_area 160386125 '-'  (154,830) (151,829) (151,831) (154,830)
add_area 160386131 '-'  (158,833) (157,830) (155,831) (155,833) (158,833)
add_area 160386130 '-'  (154,839) (154,837) (153,836) (151,837) (154,839)
add_area 160406455 '-'  (529,990) (532,987) (530,987) (528,989) (529,990)
add_area 81102801 'kontaslammi'  (838,524) (838,518) (833,519) (831,516) (825,520) (827,524) (826,527) (822,532) (821,534) (822,536) (819,538) (817,539) (793,560) (795,563) (788,574) (787,577) (789,579) (792,577) (798,572) (799,565) (803,564) (808,564) (814,558) (817,554) (821,551) (824,547) (825,539) (836,525) (838,524)
add_area 160406456 '-'  (806,555) (809,554) (809,553) (806,553) (806,555)
add_area 160406454 '-'  (793,569) (794,568) (793,567) (792,568) (793,569)
add_area 160406460 '-'  (824,534) (826,532) (827,530) (824,531) (823,533) (824,534)
add_area 25059417 'iso saarijarvi'  (1181,449) (1187,447) (1184,444) (1187,439) (1182,443) (1177,438) (1170,441) (1153,456) (1115,480) (1117,483) (1112,488) (1113,502) (1118,511) (1136,489) (1176,465) (1175,471) (1185,474) (1150,495) (1151,500) (1159,502) (1160,505) (1167,503) (1168,509) (1176,501) (1182,500) (1190,488) (1203,482) (1213,474) (1209,473) (1226,462) (1220,460) (1226,452) (1216,453) (1219,449) (1222,449) (1226,441) (1231,438) (1231,442) (1234,441) (1251,426) (1251,423) (1264,416) (1270,404) (1283,402) (1297,383) (1292,385) (1283,374) (1269,370) (1267,364) (1260,369) (1256,366) (1237,395) (1223,407) (1210,439) (1202,448) (1193,456) (1185,457) (1181,449)
add_area 160481218 '-'  (1266,404) (1267,404) (1269,402) (1269,402) (1267,402) (1266,404)
add_area 160481204 '-'  (1225,442) (1226,441) (1225,441) (1224,442) (1225,442)
add_area 160481213 '-'  (1199,455) (1203,452) (1202,451) (1198,455) (1199,455)
add_area 160481223 '-'  (1197,461) (1197,461) (1199,460) (1198,459) (1197,461)
add_area 160481215 '-'  (1204,474) (1204,475) (1206,474) (1205,473) (1204,474)
add_area 160481221 '-'  (1176,459) (1176,460) (1179,458) (1178,457) (1176,459)
add_area 81109763 'kaleton'  (1568,370) (1560,382) (1551,387) (1551,388) (1554,390) (1558,389) (1559,390) (1554,400) (1549,405) (1544,412) (1543,417) (1542,419) (1544,422) (1554,428) (1556,428) (1569,418) (1570,415) (1576,407) (1580,400) (1583,392) (1586,386) (1587,383) (1588,381) (1588,381) (1585,382) (1582,385) (1574,387) (1572,384) (1574,377) (1576,373) (1581,370) (1583,365) (1585,363) (1587,357) (1587,356) (1588,355) (1591,347) (1591,345) (1589,346) (1584,351) (1573,366) (1568,370)
add_area 81109764 'kovero'  (1257,718) (1247,725) (1236,719) (1220,720) (1242,696) (1247,697) (1252,687) (1249,680) (1256,679) (1268,665) (1258,668) (1259,664) (1247,674) (1238,671) (1273,644) (1272,640) (1264,645) (1262,644) (1270,639) (1265,635) (1277,625) (1278,613) (1307,568) (1326,555) (1361,518) (1435,454) (1524,395) (1547,359) (1511,394) (1469,410) (1450,431) (1430,442) (1394,476) (1375,486) (1366,482) (1333,511) (1333,517) (1307,542) (1239,638) (1191,686) (1193,697) (1185,707) (1187,711) (1217,682) (1230,681) (1234,692) (1200,729) (1206,733) (1200,744) (1205,753) (1202,759) (1153,767) (1134,779) (1184,769) (1197,783) (1214,773) (1266,767) (1262,792) (1274,771) (1289,760) (1306,759) (1344,742) (1344,735) (1337,728) (1322,735) (1319,732) (1297,744) (1286,745) (1284,740) (1248,754) (1214,757) (1221,743) (1243,737) (1276,715) (1304,704) (1322,675) (1304,678) (1298,693) (1257,718)
add_area 160481224 'helvetinjarven kansallispuisto'  (1232,725) (1229,728) (1234,727) (1238,722) (1236,721) (1232,725)
add_area 160481208 '-'  (1356,521) (1358,519) (1358,518) (1356,520) (1356,521)
add_area 160481210 '-'  (903,829) (908,826) (908,824) (905,826) (903,827) (903,829)
add_area 160481209 '-'  (966,847) (967,845) (966,845) (965,846) (966,847)
add_area 160481217 '-'  (939,874) (940,873) (940,871) (938,872) (939,874)
add_area 2147208 'luoma'  (927,865) (922,868) (914,880) (874,916) (875,920) (877,920) (888,911) (905,902) (929,882) (952,866) (972,859) (1014,825) (1025,820) (1017,820) (1016,817) (1022,812) (1033,811) (1048,805) (1056,806) (1056,799) (1050,800) (1050,798) (1041,795) (1046,792) (1052,794) (1058,789) (1064,790) (1078,781) (1079,774) (1096,764) (1095,759) (1098,756) (1108,755) (1116,751) (1098,750) (1092,746) (1088,747) (1068,758) (1061,759) (1048,772) (1032,781) (1023,783) (984,799) (976,805) (976,803) (984,793) (979,794) (959,803) (958,805) (951,806) (928,821) (926,817) (907,818) (901,822) (884,824) (862,832) (862,837) (869,834) (876,837) (871,845) (871,847) (876,847) (889,837) (896,838) (898,834) (903,834) (909,831) (913,825) (933,828) (940,825) (950,826) (947,833) (954,837) (954,839) (943,848) (927,865)
add_area 81102805 'pikku saarijarvi'  (1007,602) (1014,595) (1015,595) (1018,594) (1027,591) (1031,584) (1024,579) (1025,577) (1036,565) (1037,561) (1040,557) (1037,553) (1037,549) (1034,547) (1026,549) (1026,547) (1025,546) (1025,541) (1024,540) (1021,541) (1018,541) (1010,548) (1006,549) (1004,551) (1001,557) (997,559) (993,570) (995,579) (990,585) (985,588) (979,595) (975,596) (969,602) (965,610) (963,618) (964,620) (965,619) (971,620) (968,625) (969,627) (972,625) (973,627) (975,626) (978,622) (981,621) (984,622) (985,622) (988,619) (990,615) (997,609) (1001,607) (1003,604) (1002,604) (1003,603) (1007,602)
add_area 81109753 'kuivajarvi'  (1667,264) (1665,265) (1668,267) (1671,267) (1674,266) (1680,269) (1684,268) (1688,259) (1690,253) (1689,252) (1691,251) (1693,244) (1703,233) (1710,224) (1712,218) (1715,211) (1714,210) (1711,209) (1705,214) (1698,217) (1697,213) (1696,213) (1695,209) (1692,209) (1690,209) (1690,210) (1691,210) (1692,215) (1690,221) (1683,230) (1679,231) (1674,237) (1673,240) (1674,242) (1671,246) (1672,247) (1669,252) (1668,253) (1664,253) (1662,250) (1663,248) (1668,243) (1666,237) (1666,233) (1663,231) (1658,232) (1654,235) (1647,256) (1643,257) (1644,260) (1651,264) (1653,266) (1654,267) (1657,266) (1661,262) (1662,262) (1663,260) (1664,257) (1665,256) (1665,255) (1666,254) (1667,254) (1668,254) (1667,256) (1667,257) (1666,259) (1668,262) (1667,264)
add_area 160501858 '-'  (1681,240) (1680,241) (1682,242) (1682,240) (1685,237) (1684,237) (1681,240)
add_area 637618198 '-'  (521,872) (516,873) (510,870) (509,865) (514,859) (513,858) (510,857) (504,858) (501,857) (499,859) (498,859) (496,856) (501,889) (525,878) (524,871) (521,872)
add_area 2568293 'helvetinjarven kansallispuisto'  (947,846) (950,826) (876,847) (861,835) (981,803) (1092,746) (1116,751) (997,838) (1103,820) (1128,780) (1161,782) (1163,775) (1140,772) (1202,759) (1206,733) (1175,728) (1191,686) (1333,511) (1547,359) (1524,395) (1307,568) (1278,619) (1406,490) (1496,420) (1543,417) (1589,346) (1574,387) (1626,336) (1584,299) (1601,279) (1302,324) (1314,294) (1375,270) (1418,224) (1395,233) (1341,169) (1214,154) (1262,63) (1219,5) (1144,104) (1134,96) (881,378) (821,390) (796,429) (675,475) (599,522) (562,569) (520,571) (507,548) (493,559) (487,607) (305,828) (220,848) (154,940) (215,979) (261,927) (285,943) (308,925) (418,985) (486,916) (491,942) (465,986) (400,1040) (330,1066) (332,1091) (299,1115) (310,1136) (328,1126) (328,1148) (461,1148) (522,1124) (581,1058) (671,1056) (745,965) (655,948) (947,846)
add_subarea_to_area 160386143 81103327
add_subarea_to_area 133525691 2568293
add_subarea_to_area 160406458 2568293
add_subarea_to_area 133492390 133492384
add_subarea_to_area 160386141 81103340
add_subarea_to_area 160481217 2147208
add_subarea_to_area 160481225 637618194
add_subarea_to_area 160406454 81102801
add_subarea_to_area 637711729 2568293
add_subarea_to_area 81102799 2568293
add_subarea_to_area 133525696 2568293
add_subarea_to_area 133284204 2568293
add_subarea_to_area 81102812 191927701
add_subarea_to_area 133492389 133492384
add_subarea_to_area 81103622 2146212
add_subarea_to_area 81109779 81109763
add_subarea_to_area 160386134 2146212
add_subarea_to_area 81102816 2568293
add_subarea_to_area 160481204 25059417
add_subarea_to_area 2146212 2568293
add_subarea_to_area 160386139 2146212
add_subarea_to_area 81102809 2568293
add_subarea_to_area 160386111 2146212
add_subarea_to_area 160386126 81103340
add_subarea_to_area 39233075 2568293
add_subarea_to_area 133525703 2568293
add_subarea_to_area 160481209 2147208
add_subarea_to_area 81024225 2568293
add_subarea_to_area 81103315 133492384
add_subarea_to_area 81103625 2146212
add_subarea_to_area 81102810 191927701
add_subarea_to_area 81024230 2568293
add_subarea_to_area 160386131 81103340
add_subarea_to_area 191927701 2568293
add_subarea_to_area 81102806 2568293
add_subarea_to_area 133284207 2568293
add_subarea_to_area 160481223 25059417
add_subarea_to_area 160386125 81103340
add_subarea_to_area 371547856 2146212
add_subarea_to_area 133199336 2568293
add_subarea_to_area 160481202 2568293
add_subarea_to_area 81102819 2568293
add_subarea_to_area 160386133 2568293
add_subarea_to_area 160386129 2146212
add_subarea_to_area 81103633 2146212
add_subarea_to_area 160386136 81103340
add_subarea_to_area 81103336 2568293
add_subarea_to_area 160386130 81103340
add_subarea_to_area 81102811 81102805
add_subarea_to_area 371547855 2146212
add_subarea_to_area 637618190 191927701
add_subarea_to_area 160501858 81109753
add_subarea_to_area 160481210 25059364
add_subarea_to_area 81102800 2568293
add_subarea_to_area 81102804 2568293
add_subarea_to_area 81102802 191927701
add_subarea_to_area 81103629 2568293
add_subarea_to_area 160398084 2568293
add_subarea_to_area 160406452 191927701
add_subarea_to_area 160386135 2146212
add_subarea_to_area 160386127 2146212
add_subarea_to_area 81102821 2568293
add_subarea_to_area 81102798 2568293
add_subarea_to_area 2568293 190273504
add_subarea_to_area 160406457 2568293
add_subarea_to_area 133492384 2568293
add_subarea_to_area 637618194 2568293
add_subarea_to_area 160481208 81109764
add_subarea_to_area 81102797 2568293
add_subarea_to_area 133199325 2568293
add_subarea_to_area 133284169 2568293
add_subarea_to_area 160406455 39230982
add_subarea_to_area 133492388 2568293
add_subarea_to_area 133284166 2568293
add_subarea_to_area 81109749 637618194
add_subarea_to_area 160398087 2568293
add_subarea_to_area 160481221 25059417
add_subarea_to_area 160481213 25059417
add_subarea_to_area 133199272 2568293
add_subarea_to_area 81102803 2568293
add_subarea_to_area 133525702 2568293
add_subarea_to_area 160406456 81102801
add_subarea_to_area 160481218 25059417
add_subarea_to_area 160386138 81103340
add_subarea_to_area 133525704 2568293
add_subarea_to_area 637618198 2568293
add_subarea_to_area 637618193 81024225
add_subarea_to_area 25059417 2568293
add_subarea_to_area 81102801 2568293
add_subarea_to_area 25059364 190273504
add_subarea_to_area 160386132 2146212
add_subarea_to_area 133199279 2568293
add_subarea_to_area 160386128 2146212
add_subarea_to_area 81103319 2568293
add_subarea_to_area 160398086 2568293
add_subarea_to_area 133284206 2568293
add_subarea_to_area 160481201 2147208
add_subarea_to_area 133391830 2568293
add_subarea_to_area 81103639 2568293
add_subarea_to_area 81102822 191927701
add_subarea_to_area 133525715 133525713
add_subarea_to_area 133525695 2568293
add_subarea_to_area 637618191 25059417
add_subarea_to_area 160386140 2146212
add_subarea_to_area 81102805 2568293
add_subarea_to_area 160406453 2568293
add_subarea_to_area 637618192 25059417
add_subarea_to_area 160481224 81109764
add_subarea_to_area 39233073 2568293
add_subarea_to_area 133525698 2568293
add_subarea_to_area 160406460 81102801
add_subarea_to_area 39230982 2568293
add_subarea_to_area 160481215 637618191
add_subarea_to_area 1794149 2568293
add_subarea_to_area 81102817 191927701
add_subarea_to_area 160481206 81109764
add_subarea_to_area 160398085 2568293
add_subarea_to_area 81103640 2568293
add_subarea_to_area 81102813 2568293
add_subarea_to_area 81102808 191927701
