add_area 24850902 '-'  (369,254) (382,238) (401,213) (410,202) (340,291) (369,254)
add_area 27621489 'nelijarvi'  (697,70) (698,70) (699,70) (701,69) (705,67) (705,66) (708,65) (707,65) (706,65) (705,64) (705,63) (707,61) (705,59) (700,58) (699,56) (699,53) (696,54) (687,58) (684,62) (680,64) (679,65) (678,64) (677,61) (676,59) (673,57) (671,57) (665,54) (663,52) (661,52) (657,55) (654,59) (653,62) (653,64) (654,71) (655,73) (659,73) (661,74) (666,75) (669,75) (673,75) (679,73) (684,72) (690,71) (694,71) (696,71) (697,70)
add_area 29503273 'makkarajarvi'  (246,390) (247,390) (247,390) (247,391) (249,392) (249,392) (250,393) (252,393) (252,393) (254,394) (255,394) (256,394) (257,394) (259,395) (259,395) (259,396) (260,396) (260,396) (263,396) (265,396) (266,396) (266,396) (269,395) (270,394) (270,393) (269,393) (268,392) (268,392) (266,391) (266,391) (266,391) (264,390) (263,390) (261,390) (261,389) (261,388) (262,387) (261,386) (262,385) (262,385) (262,383) (262,382) (261,382) (259,382) (258,383) (257,383) (254,384) (251,384) (250,383) (249,383) (249,384) (246,386) (246,386) (246,387) (245,388) (245,389) (246,390)
add_area 29880352 '-'  (373,225) (373,225) (373,225) (374,225) (374,225) (374,226) (374,226) (374,226) (375,226) (375,226) (376,226) (377,225) (377,225) (377,225) (377,224) (377,224) (377,223) (377,223) (377,223) (377,223) (377,223) (377,222) (377,223) (378,223) (378,223) (378,223) (378,223) (378,223) (378,223) (378,222) (378,222) (377,222) (377,222) (377,222) (377,222) (376,221) (376,221) (376,220) (376,220) (377,219) (377,219) (377,219) (377,218) (377,218) (377,218) (377,218) (376,218) (375,218) (375,218) (375,218) (375,219) (375,219) (375,219) (376,220) (375,221) (375,221) (373,224) (372,224) (372,224) (372,224) (372,224) (373,225)
add_area 30714412 'ruutananjarvi'  (504,233) (503,234) (500,236) (500,237) (500,237) (499,238) (499,238) (499,239) (499,241) (501,242) (501,242) (502,242) (502,242) (504,242) (505,242) (506,241) (508,240) (509,240) (510,239) (511,239) (514,238) (515,238) (517,237) (519,236) (519,236) (521,236) (523,234) (524,234) (525,233) (525,232) (524,231) (524,231) (523,230) (522,231) (519,229) (518,229) (518,229) (517,229) (517,229) (516,228) (515,228) (514,227) (513,227) (512,226) (512,227) (510,227) (509,228) (508,229) (508,229) (507,230) (506,231) (505,231) (504,233)
add_area 42799495 'merunjarvi'  (169,207) (173,206) (177,203) (183,198) (186,196) (190,195) (196,196) (200,195) (202,194) (205,191) (205,188) (203,186) (204,185) (201,182) (196,183) (193,180) (192,177) (183,182) (181,182) (180,181) (174,182) (173,180) (167,178) (164,174) (160,175) (156,175) (155,176) (151,177) (145,184) (143,184) (135,187) (135,190) (137,191) (139,194) (140,196) (141,199) (141,202) (144,202) (146,202) (149,205) (152,208) (160,207) (164,207) (169,207)
add_area 71561983 'pieni keurujarvi'  (154,42) (149,37) (131,29) (129,31) (129,34) (135,37) (138,37) (140,39) (140,42) (142,43) (146,45) (151,48) (155,48) (155,46) (154,42)
add_area 71561987 'lammasjarvi'  (542,69) (541,69) (541,68) (540,66) (537,61) (534,62) (535,65) (537,68) (539,72) (539,74) (540,76) (541,76) (542,75) (543,73) (542,72) (543,71) (542,69)
add_area 71561989 'salmus'  (477,0) (479,1) (480,4) (480,6) (479,9) (479,11) (480,12) (482,14) (484,14) (487,12) (489,12) (490,12) (490,11) (488,11) (486,10) (484,8) (483,6) (482,5) (482,3) (482,1) (482,0) (477,0) (477,0)
add_area 71561991 'vaha-riutta'  (542,27) (540,26) (537,26) (536,25) (534,25) (532,26) (531,27) (531,30) (531,32) (532,33) (533,34) (534,37) (537,39) (539,40) (543,40) (545,39) (546,38) (547,37) (547,36) (543,31) (545,29) (545,27) (543,26) (542,27)
add_area 71561992 'sarkijarvi'  (611,10) (613,9) (614,7) (615,5) (615,4) (615,3) (613,3) (611,3) (609,4) (608,6) (608,8) (607,10) (606,11) (604,13) (602,14) (601,15) (601,16) (602,16) (604,17) (605,18) (605,19) (605,21) (604,22) (603,23) (604,24) (605,24) (606,24) (607,23) (609,21) (610,20) (611,18) (611,14) (611,12) (611,10)
add_area 71561994 'iso-riutta'  (506,48) (507,49) (509,49) (511,48) (513,45) (516,41) (519,40) (521,39) (522,37) (522,34) (521,34) (518,34) (518,33) (519,30) (521,27) (523,26) (523,26) (523,25) (521,25) (518,23) (517,22) (515,21) (513,17) (510,16) (509,15) (507,13) (507,11) (505,9) (505,8) (504,8) (503,6) (502,5) (501,5) (500,5) (499,6) (498,8) (498,9) (498,10) (497,12) (496,14) (495,16) (496,18) (495,21) (495,22) (497,26) (498,28) (499,30) (502,32) (503,35) (503,40) (504,43) (504,46) (506,48)
add_area 71561995 'iso keurujarvi'  (206,73) (205,75) (204,77) (204,80) (203,84) (203,87) (204,88) (206,89) (208,90) (211,91) (213,90) (215,90) (216,89) (218,89) (220,89) (222,89) (224,92) (225,95) (227,95) (228,96) (230,99) (232,99) (233,99) (235,99) (236,98) (237,98) (237,99) (238,99) (240,98) (241,97) (243,97) (246,97) (247,97) (249,98) (252,99) (253,99) (255,99) (256,99) (257,98) (258,97) (256,95) (254,94) (253,94) (252,93) (251,93) (249,93) (247,92) (245,92) (243,92) (242,92) (241,92) (240,91) (238,90) (237,89) (237,88) (236,86) (235,83) (233,81) (230,80) (228,78) (226,77) (223,76) (219,76) (214,74) (210,73) (207,73) (206,73)
add_area 164348832 'pikku-salmus'  (603,149) (603,147) (604,145) (605,142) (604,140) (603,139) (602,139) (599,139) (597,139) (596,138) (596,135) (598,132) (599,130) (599,128) (598,126) (596,126) (594,125) (592,126) (591,128) (591,129) (591,130) (590,132) (588,136) (588,140) (588,143) (590,146) (593,148) (596,151) (599,152) (601,151) (603,149)
add_area 164348834 'lampinen'  (625,122) (627,121) (628,119) (629,115) (628,113) (627,112) (626,111) (626,108) (626,106) (625,105) (624,105) (622,106) (617,107) (614,106) (611,105) (609,106) (607,108) (606,109) (606,111) (606,113) (607,112) (607,113) (608,114) (609,114) (610,113) (610,115) (614,118) (616,121) (618,122) (622,123) (625,122)
add_area 164348838 'iso-salmus'  (588,122) (587,121) (583,120) (581,120) (580,120) (577,121) (576,121) (575,121) (574,119) (571,118) (569,118) (566,117) (565,117) (564,115) (564,111) (564,109) (564,107) (565,105) (566,104) (565,103) (564,103) (563,103) (562,104) (560,105) (559,107) (558,108) (555,112) (552,116) (549,120) (546,122) (543,123) (538,126) (533,127) (528,128) (524,127) (522,127) (516,127) (513,127) (511,128) (510,130) (511,132) (514,133) (516,132) (517,132) (518,132) (520,133) (524,133) (527,132) (529,130) (531,129) (534,128) (536,128) (537,128) (538,127) (538,128) (541,127) (547,126) (549,125) (552,123) (556,120) (557,119) (558,119) (559,119) (560,120) (564,121) (566,122) (570,122) (573,123) (576,125) (580,125) (584,125) (587,124) (588,124) (588,123) (588,122)
add_area 207552028 '-'  (197,246) (198,244) (202,245) (203,244) (203,243) (202,243) (200,242) (199,241) (198,244) (195,245) (195,246) (197,246)
add_area 794547940 'makkarajarvi-viitastenperan luonnonsuojelualue'  (331,364) (340,354) (340,291) (291,293) (290,297) (292,298) (309,298) (313,299) (333,292) (335,293) (333,296) (329,298) (320,300) (308,307) (294,310) (274,319) (268,321) (261,325) (257,334) (259,337) (272,343) (271,347) (276,346) (285,352) (284,357) (270,367) (263,369) (262,374) (255,378) (247,380) (238,378) (235,385) (238,404) (235,411) (256,423) (263,424) (271,429) (279,431) (302,422) (326,418) (328,417) (332,408) (314,400) (311,395) (315,379) (329,374) (331,364)
add_area 794555415 '-'  (292,217) (308,231) (311,228) (318,233) (314,236) (325,245) (309,191) (284,207) (292,217)
add_area 840639080 '-'  (340,291) (329,291) (294,293) (287,293) (235,295) (78,309) (340,291)
add_area 840639082 '-'  (340,291) (340,337) (340,352) (340,354) (340,359) (338,385) (338,410) (338,429) (340,437) (340,438) (347,438) (340,291)
add_area 9508081 'hoytamonjarvi'  (0,109) (0,108) (3,107) (3,105) (4,104) (6,102) (10,102) (12,103) (18,103) (25,104) (27,104) (30,102) (33,99) (34,97) (35,95) (36,94) (40,93) (42,92) (44,90) (45,85) (41,83) (38,85) (29,88) (25,89) (17,90) (3,91) (0,91) (0,109)
add_area 19 'hoytamonjarvi'  (0,161) (11,159) (14,164) (18,166) (32,161) (40,164) (43,161) (53,165) (62,162) (73,162) (75,164) (84,168) (92,160) (92,159) (87,157) (92,154) (92,152) (96,151) (99,153) (102,152) (107,143) (113,140) (107,139) (109,134) (104,134) (97,137) (90,135) (82,136) (56,148) (50,146) (49,143) (36,150) (33,149) (30,150) (20,148) (8,134) (0,135) (0,161)
add_area 9508253 'koipijarvi'  (0,266) (7,263) (5,266) (5,271) (11,273) (19,272) (20,275) (10,277) (10,283) (21,281) (25,282) (25,285) (29,285) (35,280) (34,284) (42,287) (45,282) (44,275) (49,275) (49,283) (57,286) (68,278) (69,274) (65,272) (69,266) (75,266) (80,261) (86,260) (93,256) (118,253) (119,250) (99,248) (98,244) (88,247) (84,239) (89,237) (87,234) (90,233) (93,227) (91,225) (84,229) (88,222) (82,223) (83,221) (79,223) (75,220) (86,212) (84,209) (76,209) (65,217) (53,220) (49,217) (52,215) (44,207) (37,207) (38,200) (35,198) (27,206) (21,217) (23,218) (23,225) (0,245) (0,266)
add_area 29427724 '-'  (80,241) (79,241) (79,241) (79,242) (78,242) (78,243) (79,243) (79,243) (80,242) (80,242) (80,241) (80,241)
add_area 26563405 'hervantajarvi'  (261,273) (234,286) (215,282) (202,290) (200,302) (210,300) (216,307) (193,316) (192,320) (195,321) (181,334) (168,330) (176,320) (174,315) (163,319) (166,308) (139,311) (132,319) (122,320) (107,328) (100,327) (93,333) (96,334) (95,342) (99,346) (96,351) (85,356) (76,369) (63,378) (100,363) (112,365) (120,359) (131,363) (130,368) (138,381) (152,389) (159,376) (152,374) (158,370) (160,375) (170,372) (173,366) (167,363) (169,359) (186,349) (184,340) (207,327) (240,329) (245,325) (242,321) (246,318) (243,314) (261,309) (261,315) (269,314) (274,319) (330,298) (335,293) (313,299) (282,296) (269,299) (268,296) (263,298) (263,292) (280,276) (280,272) (261,273)
add_area 26563404 '-'  (232,302) (231,302) (230,303) (230,303) (230,304) (231,304) (232,303) (233,303) (232,302) (232,302)
add_area 26563407 'pukkisaari'  (250,286) (250,286) (244,289) (241,289) (237,290) (236,291) (235,291) (234,291) (233,292) (232,293) (229,295) (228,296) (228,298) (230,299) (232,299) (234,299) (235,299) (237,298) (241,296) (242,295) (245,292) (248,291) (250,288) (251,287) (254,285) (254,284) (250,286)
add_area 26563403 '-'  (158,320) (158,320) (157,320) (156,320) (156,320) (155,320) (155,321) (154,321) (154,322) (154,322) (155,322) (156,322) (156,322) (157,322) (158,320) (158,320) (158,320)
add_area 30230893 '-'  (415,301) (415,301) (415,300) (415,300) (415,300) (415,300) (415,300) (415,300) (414,300) (414,300) (414,300) (414,300) (415,301) (415,301)
add_area 296970 'houkanjarvi'  (395,307) (397,309) (399,309) (406,307) (411,311) (432,308) (437,311) (435,305) (430,300) (419,302) (416,299) (409,296) (404,297) (400,300) (396,303) (395,307)
add_area 1700646 'lempaala'  (0,317) (39,313) (35,311) (35,310) (36,309) (40,311) (48,310) (51,309) (53,309) (53,309) (63,307) (63,310) (78,309) (235,295) (287,293) (294,293) (329,291) (340,291) (369,254) (382,238) (401,213) (410,202) (446,155) (567,0) (64,0) (0,49) (0,317)
add_area 29880354 'koukkujarvi'  (390,208) (409,207) (421,200) (421,197) (418,197) (409,202) (400,203) (396,197) (392,197) (392,195) (395,192) (406,192) (407,190) (403,188) (402,185) (395,185) (391,192) (381,198) (379,200) (383,207) (390,208)
add_area 29880356 '-'  (395,186) (395,186) (395,186) (395,186) (395,186) (395,186) (395,186) (395,186) (395,186)
add_area 3579531 'tampere'  (0,410) (168,438) (340,438) (340,437) (338,429) (338,410) (338,385) (340,359) (340,354) (340,352) (340,337) (340,291) (329,291) (294,293) (287,293) (235,295) (78,309) (63,310) (63,307) (53,309) (53,309) (51,309) (48,310) (40,311) (36,309) (35,310) (35,311) (39,313) (0,317) (0,410)
add_area 542246672 'koukkurahkan luonnonsuojelualue'  (405,207) (402,207) (401,208) (400,208) (399,208) (401,213) (382,238) (388,237) (392,236) (399,238) (401,243) (408,247) (414,253) (418,253) (419,253) (420,249) (415,247) (416,243) (418,242) (423,243) (429,240) (428,239) (424,240) (419,239) (419,236) (417,234) (416,231) (417,228) (419,224) (423,221) (431,218) (431,218) (434,218) (434,220) (436,221) (437,221) (442,219) (444,220) (446,220) (450,219) (452,220) (454,221) (459,222) (461,218) (458,214) (456,213) (453,209) (455,205) (451,199) (448,198) (445,192) (446,191) (448,186) (451,189) (451,192) (453,193) (456,192) (458,192) (460,189) (461,189) (460,187) (459,186) (459,185) (460,183) (461,182) (463,181) (464,181) (466,181) (471,183) (478,183) (480,179) (478,178) (473,174) (472,169) (469,167) (463,165) (462,151) (446,155) (410,202) (405,207)
add_area 485823600 'koukkurahkan luonnonsuojelualue'  (396,198) (400,203) (404,203) (410,202) (404,174) (391,179) (396,198)
add_area 11544604 'hervanta'  (0,438) (192,438) (190,437) (185,434) (180,433) (177,432) (168,430) (163,428) (159,427) (153,425) (150,423) (147,422) (144,420) (142,419) (138,417) (133,412) (126,406) (122,402) (116,399) (112,397) (108,396) (104,395) (100,394) (95,393) (91,393) (85,393) (77,392) (69,391) (64,390) (59,389) (55,388) (51,386) (48,385) (45,383) (43,381) (41,379) (39,377) (37,375) (35,373) (34,375) (34,377) (33,379) (33,383) (32,385) (31,387) (28,390) (27,392) (24,393) (20,395) (17,397) (11,400) (8,402) (0,408) (0,438)
add_area 11544605 'hervantajarvi'  (340,437) (338,429) (340,352) (340,291) (235,295) (78,309) (74,319) (66,334) (44,349) (35,358) (37,369) (35,373) (43,381) (51,386) (69,391) (100,394) (112,397) (122,402) (144,420) (159,427) (180,433) (192,438) (340,438) (340,437)
add_area 11840613 'vuores'  (0,408) (8,402) (11,400) (17,397) (20,395) (24,393) (27,392) (28,390) (31,387) (32,385) (33,383) (33,379) (34,377) (34,375) (35,373) (36,371) (36,370) (37,369) (36,368) (35,366) (35,365) (35,364) (35,362) (35,360) (35,359) (35,358) (35,357) (35,356) (36,355) (37,355) (39,354) (40,353) (42,351) (44,349) (45,349) (46,348) (48,347) (49,347) (50,346) (52,345) (54,343) (57,341) (60,339) (63,336) (66,334) (68,330) (70,327) (72,323) (74,319) (76,316) (77,313) (78,309) (63,310) (63,307) (53,309) (53,309) (51,309) (48,310) (40,311) (36,309) (35,310) (35,311) (39,313) (0,317) (0,408)
add_subarea_to_area 26563403 26563405
add_subarea_to_area 9508253 1700646
add_subarea_to_area 29880352 1700646
add_subarea_to_area 71561994 1700646
add_subarea_to_area 71561983 1700646
add_subarea_to_area 207552028 1700646
add_subarea_to_area 26563407 26563405
add_subarea_to_area 840639080 11544605
add_subarea_to_area 794555415 1700646
add_subarea_to_area 71561989 1700646
add_subarea_to_area 19 1700646
add_subarea_to_area 24850902 1700646
add_subarea_to_area 29880356 485823600
add_subarea_to_area 11840613 3579531
add_subarea_to_area 9508081 1700646
add_subarea_to_area 42799495 1700646
add_subarea_to_area 11544605 3579531
add_subarea_to_area 30230893 296970
add_subarea_to_area 485823600 1700646
add_subarea_to_area 29427724 9508253
add_subarea_to_area 29503273 794547940
add_subarea_to_area 71561995 1700646
add_subarea_to_area 26563404 26563405
